0.000000 0.176107 -0.283572 20.911961
0.579670 0.175707 -0.283343 20.912000
1.103074 0.175595 -0.283053 20.910959
1.672458 0.175785 -0.282547 20.911000
2.233966 0.175896 -0.282307 20.911000
2.775704 0.175896 -0.282364 20.910616
3.340537 0.175773 -0.282580 20.910961
3.922547 0.175573 -0.282947 20.909589
4.463741 0.175451 -0.282679 20.910959
5.080336 0.175376 -0.282368 20.910608
5.656332 0.175117 -0.282057 20.911000
6.234982 0.174604 -0.282249 20.911771
6.797550 0.174382 -0.282339 20.911765
7.369012 0.174282 -0.282316 20.912000
7.949412 0.174059 -0.282512 20.911886
8.509683 0.173825 -0.282787 20.912000
9.089948 0.173692 -0.283055 20.912000
9.660638 0.173536 -0.282986 20.911959
10.241742 0.173390 -0.282950 20.910412
10.781509 0.173681 -0.283305 20.911000
11.330878 0.173859 -0.283369 20.910765
11.898142 0.173959 -0.283083 20.908824
12.480682 0.174104 -0.283322 20.910961
13.031117 0.174427 -0.283420 20.910765
13.582625 0.174382 -0.283430 20.911000
14.162719 0.174271 -0.283103 20.911000
14.712557 0.174148 -0.282854 20.910765
15.271638 0.174148 -0.283267 20.911000
15.831191 0.174226 -0.283042 20.910882
16.395580 0.174326 -0.282029 20.911000
16.927891 0.174415 -0.281453 20.910412
17.459434 0.174633 -0.281257 20.910765
18.028261 0.175117 -0.281261 20.911000
18.567767 0.175020 -0.280965 20.910882
19.128152 0.174681 -0.280428 20.909963
19.691211 0.174838 -0.280013 20.911000
20.262612 0.174972 -0.279332 20.910959
20.802253 0.175072 -0.278756 20.909765
21.351651 0.175373 -0.278343 20.910000
21.934620 0.175284 -0.277921 20.910000
22.473883 0.174467 -0.278224 20.909882
23.052931 0.174371 -0.278267 20.909759
23.612431 0.174308 -0.278007 20.909882
24.162701 0.174434 -0.277395 20.909882
24.721708 0.174182 -0.276798 20.910000
25.270576 0.173848 -0.276597 20.910000
25.820881 0.173892 -0.277082 20.909765
26.380003 0.173792 -0.277105 20.910000
26.909052 0.173458 -0.276708 20.909882
27.459517 0.173692 -0.276683 20.910961
28.037415 0.173959 -0.276941 20.910608
28.599602 0.173825 -0.277192 20.911000
29.144185 0.173747 -0.277472 20.909177
29.705793 0.174009 -0.277019 20.909765
30.295840 0.174048 -0.276808 20.910000
30.844762 0.173948 -0.275387 20.910000
31.380905 0.173736 -0.273779 20.909961
31.920802 0.173985 -0.273804 20.909882
32.483079 0.174315 -0.274504 20.909882
33.032704 0.174188 -0.274683 20.910765
33.598607 0.174026 -0.275081 20.910412
34.146048 0.174005 -0.275588 20.902552
34.703920 0.173948 -0.275758 20.907391
35.261142 0.174104 -0.275416 20.909878
35.811914 0.174231 -0.274998 20.909765
36.354314 0.174027 -0.275003 20.908402
36.917427 0.173703 -0.274898 20.908412
37.472324 0.173937 -0.274341 20.907589
38.069080 0.173759 -0.273813 20.909000
38.590649 0.173380 -0.273741 20.908961
39.168496 0.173002 -0.274294 20.908412
39.741997 0.172734 -0.274560 20.907165
40.314264 0.172645 -0.274724 20.906902
40.873699 0.172679 -0.275080 20.907961
41.435129 0.172730 -0.275522 20.907882
41.964803 0.172668 -0.275723 20.907765
42.515149 0.172506 -0.275660 20.907765
43.065840 0.172237 -0.275399 20.907608
43.606390 0.172044 -0.275167 20.908000
44.176836 0.171744 -0.275311 20.908000
44.720951 0.171399 -0.275716 20.907961
45.296170 0.171310 -0.276455 20.907177
45.836111 0.171399 -0.276916 20.905413
46.357589 0.171365 -0.277566 20.907961
46.936934 0.171232 -0.277873 20.908000
47.487598 0.171076 -0.277959 20.908000
48.057687 0.171276 -0.278443 20.907963
48.607485 0.171488 -0.278831 20.907961
49.127747 0.171521 -0.278554 20.908000
49.667712 0.171566 -0.278167 20.907765
50.219799 0.171703 -0.278036 20.907882
50.802787 0.172069 -0.278012 20.904942
51.355237 0.172323 -0.277795 20.905824
51.881208 0.171944 -0.277792 20.907882
52.421079 0.171922 -0.277403 20.907000
52.990550 0.171922 -0.276961 20.907000
53.550004 0.171983 -0.277217 20.907771
54.091116 0.171989 -0.277360 20.907882
54.649857 0.172232 -0.276961 20.907961
55.180115 0.172323 -0.276635 20.907165
55.741755 0.172478 -0.276558 20.907000
56.281343 0.173059 -0.276537 20.906961
56.831296 0.173247 -0.276491 20.906961
57.400981 0.172901 -0.276347 20.906765
57.961937 0.172857 -0.276030 20.907000
58.511604 0.172768 -0.275339 20.907000
59.071741 0.172474 -0.274573 20.907882
59.611458 0.172445 -0.274533 20.908000
60.161252 0.172634 -0.275526 20.907882
60.690477 0.172931 -0.276612 20.907886
61.251732 0.173202 -0.277259 20.909000
61.805389 0.172949 -0.277088 20.908608
62.368642 0.173258 -0.277297 20.907236
62.919616 0.173558 -0.277694 20.908771
63.465085 0.173302 -0.278055 20.909000
64.055803 0.173213 -0.278598 20.909882
64.610108 0.173663 -0.279021 20.908605
65.179727 0.173905 -0.279005 20.909961
65.712701 0.173937 -0.279012 20.907413
66.284009 0.173703 -0.279052 20.908608
66.852957 0.173863 -0.279480 20.908882
67.419670 0.174093 -0.280061 20.909000
67.939849 0.174174 -0.280435 20.908616
68.499641 0.174141 -0.280364 20.908882
69.049073 0.174740 -0.280148 20.907959
69.577541 0.174827 -0.280157 20.907882
70.150256 0.174783 -0.280309 20.907959
70.723924 0.174892 -0.280395 20.906961
71.277438 0.174920 -0.280666 20.906882
71.848843 0.174939 -0.280073 20.906961
72.378451 0.174872 -0.280109 20.906000
72.946745 0.174794 -0.279629 20.906000
73.506141 0.173837 -0.274526 20.902907
74.065752 0.173046 -0.271741 20.900000
74.635010 0.172894 -0.276284 20.898963
75.210943 0.174040 -0.277033 20.898916
75.753903 0.173926 -0.277336 20.899000
76.334498 0.174835 -0.279728 20.898874
76.873904 0.175193 -0.283463 20.899963
77.423535 0.175165 -0.285385 20.898886
77.974430 0.175588 -0.288222 20.898878
78.526841 0.175893 -0.290152 20.898600
79.085159 0.176244 -0.289472 20.897888
79.646120 0.176083 -0.291215 20.899965
80.194479 0.175261 -0.291671 20.899886
80.748228 0.174393 -0.290696 20.899961
81.290854 0.174838 -0.288295 20.900000
81.827846 0.175172 -0.286558 20.899000
82.380907 0.174892 -0.282248 20.897955
82.931424 0.174972 -0.279755 20.897902
83.482027 0.173841 -0.276084 20.899882
84.030717 0.173547 -0.275627 20.899961
84.560237 0.172663 -0.275343 20.900882
85.119540 0.171888 -0.275674 20.900963
85.708556 0.171065 -0.275612 20.900886
86.267070 0.170448 -0.275280 20.901882
86.799815 0.169921 -0.275822 20.901422
87.353948 0.168771 -0.275992 20.903000
87.922891 0.168291 -0.275942 20.902957
88.481749 0.167196 -0.277038 20.902963
89.040704 0.166044 -0.277144 20.904000
89.604263 0.164753 -0.277528 20.903886
90.165736 0.163417 -0.277796 20.905000
90.724718 0.101277 -0.283866 20.903886
91.286871 -0.115349 -0.298881 20.905000
91.835178 -0.498254 -0.316579 20.904957
92.388967 -1.239264 -0.298622 20.902000
92.913615 -2.385126 -0.211490 20.897965
93.463445 -3.975378 -0.046865 20.895965
94.022978 -5.870863 0.152278 20.894859
94.572016 -7.868384 0.339244 20.892949
95.130447 -10.187692 0.519357 20.887899
95.689866 -12.804786 0.680133 20.880760
96.242238 -15.829351 0.810077 20.871951
96.811403 -19.386279 0.882157 20.859859
97.375157 -23.129026 0.863315 20.849843
97.934689 -27.159462 0.836011 20.837000
98.494122 -31.449140 0.831890 20.825365
99.067258 -35.761059 0.854126 20.813800
99.611559 -40.015310 0.840043 20.797327
100.180641 -45.050658 0.780116 20.777878
100.749501 -50.263067 0.736070 20.757571
101.307615 -56.032269 0.668533 20.742765
101.856389 -61.575489 0.616760 20.729793
102.409295 -67.795942 0.579139 20.710878
102.978900 -74.783187 0.562084 20.689870
103.529425 -81.744996 0.550945 20.666503
104.092123 -88.600558 0.536892 20.642595
104.640002 -95.638760 0.522027 20.616000
105.208781 -103.043581 0.514552 20.585715
105.764535 -110.747180 0.499997 20.561343
106.315004 -117.998197 0.481308 20.537504
106.884650 -124.731642 0.463063 20.513000
107.443666 -131.397575 0.442822 20.482384
108.023608 -137.715182 0.409059 20.466874
108.603082 -144.220167 0.332264 20.449000
109.151977 -150.600461 0.226565 20.427882
109.695249 -156.546125 0.119931 20.413862
110.263247 -162.333187 0.017988 20.383596
110.788305 -167.320843 -0.069820 20.353304
111.363398 -172.732350 -0.146202 20.293762
111.917858 -177.586841 -0.196139 20.243922
112.480481 -182.283751 -0.302807 20.176753
113.061003 -186.650225 -0.729129 20.114000
113.620086 -191.270517 -1.744231 20.030755
114.159565 -194.953768 -3.106554 20.017000
114.708649 -198.629385 -5.009302 19.970349
115.277968 -202.265280 -7.610278 19.927869
115.807098 -205.565487 -11.000115 19.916904
116.377592 -208.002175 -14.844659 19.974251
116.933061 -209.654384 -18.933128 20.007123
117.466087 -210.716435 -23.307702 20.037023
118.015652 -211.435740 -28.308871 20.071000
118.574286 -211.866260 -33.613041 20.093828
119.143659 -212.152344 -39.383462 20.129913
119.683087 -212.350994 -44.906277 20.145199
120.252120 -212.496074 -51.219328 20.179000
120.830889 -212.642505 -57.693934 20.200000
121.369752 -212.830813 -63.639838 20.225000
121.926605 -212.999244 -70.186760 20.258000
122.486989 -213.178653 -76.883969 20.282980
123.046802 -213.335620 -84.031348 20.318065
123.596509 -213.419861 -91.206886 20.335331
124.141572 -213.461956 -97.944795 20.364667
124.693594 -213.358801 -103.174643 20.378700
125.248525 -213.234371 -110.295228 20.406132
125.817177 -213.178518 -117.283770 20.452000
126.347614 -213.328862 -123.807696 20.473428
126.916588 -213.955619 -130.578461 20.504404
127.482446 -214.952956 -136.753244 20.521000
128.044755 -216.266504 -142.894279 20.570582
128.596806 -217.807795 -149.182802 20.620979
129.162188 -219.322114 -155.639739 20.656000
129.731174 -220.636661 -162.179260 20.722129
130.303818 -221.711888 -169.141884 20.768491
130.847538 -222.403367 -176.314445 20.814000
131.427004 -222.800822 -183.781822 20.857252
132.020566 -223.035400 -191.711267 20.899025
132.560923 -223.197172 -198.856188 20.923068
133.109899 -223.337303 -206.042595 20.936856
133.665973 -223.417183 -213.100317 20.941000
134.225095 -223.439561 -221.018101 20.963052
134.795986 -223.447178 -228.757033 20.984249
135.359171 -223.478965 -235.891959 21.023269
135.909803 -223.495685 -243.291919 21.098358
136.451927 -223.576636 -250.846460 21.135173
136.996672 -223.705148 -258.743297 21.145124
137.548149 -223.645479 -265.981859 21.165000
138.139250 -223.473908 -273.708105 21.184494
138.684622 -223.249039 -280.777055 21.205064
139.224851 -222.990901 -288.156942 21.228267
139.795478 -222.748129 -295.818474 21.252999
140.325052 -222.520598 -302.398175 21.268047
140.884753 -222.290374 -308.908515 21.274000
141.453963 -222.029117 -315.532319 21.269996
141.993495 -221.796024 -322.098608 21.295925
142.533936 -221.621060 -328.275441 21.326032
143.080260 -221.496402 -334.416999 21.358144
143.659817 -221.430066 -340.487386 21.389000
144.208412 -221.401681 -345.383882 21.405002
144.749038 -221.370959 -350.001571 21.426870
145.288864 -221.339421 -354.238643 21.430860
145.847554 -221.314285 -358.369305 21.432000
146.388751 -221.308892 -361.544420 21.439000
146.916650 -221.297275 -364.624807 21.447416
147.461920 -221.275979 -367.294353 21.468819
148.001486 -221.259912 -369.327338 21.483997
148.541727 -221.271819 -370.834696 21.484027
149.097742 -221.293543 -372.050547 21.491744
149.636534 -221.300005 -372.860456 21.496950
150.197319 -221.311683 -373.403999 21.498789
150.747006 -221.317932 -373.657514 21.500955
151.296118 -221.318012 -373.666737 21.498918
151.865652 -221.318507 -373.667294 21.499878
152.436584 -221.318363 -373.666170 21.500592
153.008617 -221.318573 -373.665182 21.501753
153.557875 -221.318693 -373.664641 21.502878
154.096651 -221.318576 -373.664236 21.503959
154.640165 -221.318611 -373.663960 21.505000
155.190726 -221.318622 -373.663861 21.505225
155.751355 -221.318576 -373.664132 21.507971
156.334488 -221.318340 -373.664353 21.509906
156.865465 -221.318055 -373.664887 21.510777
157.419301 -221.318255 -373.665006 21.511777
157.981218 -221.318467 -373.664960 21.510953
158.562160 -221.318077 -373.665236 21.509000
159.102022 -221.317966 -373.665272 21.508963
159.677112 -221.317966 -373.664793 21.509967
160.226947 -221.317877 -373.664495 21.509961
160.776139 -221.317732 -373.664363 21.509878
161.368916 -221.317598 -373.664593 21.508000
161.897830 -221.317791 -373.664929 21.507898
162.438674 -221.318099 -373.664996 21.508969
162.977695 -221.318457 -373.664718 21.509967
163.546101 -221.318444 -373.664353 21.511000
164.076714 -221.318222 -373.663884 21.510600
164.645912 -221.318715 -373.663144 21.509963
165.197416 -221.319365 -373.662283 21.510640
165.737787 -221.319602 -373.661853 21.508990
166.279356 -221.319569 -373.661642 21.510916
166.822402 -221.319368 -373.661368 21.510362
167.406472 -221.319582 -373.661100 21.508963
167.995866 -221.319725 -373.660946 21.509000
168.565374 -221.319468 -373.660767 21.504104
169.115773 -221.319335 -373.660687 21.508600
169.678891 -221.319290 -373.660716 21.508000
170.237600 -221.319298 -373.661050 21.507592
170.770624 -221.319435 -373.661129 21.508000
171.322168 -221.319591 -373.660802 21.510000
171.870826 -221.319947 -373.660409 21.511000
172.429513 -221.320270 -373.660092 21.512000
172.982399 -221.320114 -373.659919 21.512000
173.543231 -221.320025 -373.659958 21.510874
174.103054 -221.319992 -373.660117 21.509741
174.646113 -221.319969 -373.660348 21.507747
175.215512 -221.319996 -373.660447 21.506894
175.784200 -221.320170 -373.660505 21.508000
176.309282 -221.320426 -373.660434 21.509902
176.868735 -221.320519 -373.660098 21.511898
177.427711 -221.320013 -373.659283 21.511747
177.966940 -221.320877 -373.658739 21.509584
178.534897 -221.320615 -373.659276 21.508000
179.079576 -221.317637 -373.659896 21.507747
179.620920 -221.313602 -373.660116 21.504459
180.160804 -221.310888 -373.659434 21.507874
180.699049 -221.309913 -373.659497 21.508878
181.267448 -221.309786 -373.659650 21.509967
181.836517 -221.309988 -373.659689 21.510870
182.406067 -221.310363 -373.659785 21.509866
182.980645 -221.310733 -373.659799 21.495952
183.571824 -221.311005 -373.659589 21.506866
184.216901 -221.311398 -373.659276 21.506000
184.787386 -221.311843 -373.658777 21.505000
185.329503 -221.312155 -373.658529 21.504957
185.861230 -221.312400 -373.658710 21.504000
186.422063 -221.312679 -373.659148 21.503759
186.981600 -221.312938 -373.659975 21.503886
187.537045 -221.313157 -373.661253 21.505000
188.054967 -221.313324 -373.662707 21.504600
188.605478 -221.313435 -373.664571 21.504882
189.183190 -221.314071 -373.725902 21.504624
189.757303 -221.316548 -373.955175 21.504637
190.289562 -221.334512 -374.497538 21.509914
190.840144 -221.357044 -375.464505 21.515680
191.379501 -221.406170 -376.893558 21.520981
191.948815 -221.514076 -378.976603 21.537109
192.517238 -221.698981 -381.878640 21.547027
193.098006 -221.930989 -385.179354 21.561000
193.650784 -222.182401 -389.180051 21.581951
194.240612 -222.473638 -393.772718 21.591845
194.809674 -222.759617 -398.603515 21.614083
195.378186 -222.967053 -404.325293 21.662205
195.930947 -223.107838 -410.647713 21.686000
196.481506 -223.112353 -417.089337 21.721089
197.044214 -223.070131 -423.705186 21.758303
197.597570 -223.045372 -430.931460 21.774518
198.149680 -223.016812 -438.131621 21.795717
198.726078 -223.013343 -445.964211 21.798987
199.308053 -223.028518 -454.089666 21.835249
199.881347 -223.051310 -460.515101 21.865670
200.461558 -223.173389 -468.781190 21.904197
201.016836 -223.345121 -477.196225 21.943247
201.547880 -223.574256 -484.819001 21.982000
202.088085 -223.825660 -493.213318 22.009951
202.650758 -223.792380 -502.389976 22.031823
203.224699 -223.538378 -511.306695 22.074150
203.777550 -223.218549 -520.414791 22.093855
204.329005 -222.950313 -529.323076 22.125124
204.857474 -222.770572 -537.764249 22.170055
205.396322 -222.621885 -546.276212 22.201539
205.945016 -222.461549 -554.744962 22.238413
206.474533 -222.291486 -563.411297 22.252617
207.025605 -222.155999 -572.605489 22.268000
207.588000 -222.020262 -581.949647 22.291055
208.128710 -221.893017 -590.840507 22.328186
208.678152 -221.804903 -599.417953 22.369787
209.251045 -221.758486 -608.983895 22.419254
209.799837 -221.681108 -618.050325 22.472134
210.361489 -221.582517 -627.399911 22.498896
210.921671 -221.498766 -636.608225 22.519000
211.472574 -221.481225 -645.479386 22.550126
212.029137 -221.412138 -654.191166 22.586132
212.588935 -221.292693 -664.433955 22.620000
213.139878 -221.150824 -672.955422 22.637142
213.688282 -221.012317 -682.359785 22.689206
214.227931 -220.873158 -691.698714 22.714088
214.767577 -220.749440 -700.504611 22.773059
215.328312 -220.627381 -709.411805 22.814142
215.879435 -220.534425 -717.997965 22.859285
216.417859 -220.450218 -727.506578 22.912377
216.979547 -220.369865 -736.195624 22.940000
217.530032 -220.267402 -745.316236 22.945975
218.073463 -220.152363 -754.362511 23.002090
218.617503 -220.052429 -763.201247 23.050407
219.171528 -219.957971 -772.542044 23.078738
219.711704 -219.866860 -782.089051 23.118298
220.272541 -219.753966 -791.004196 23.157138
220.811034 -219.588585 -799.772702 23.200174
221.369582 -219.372785 -808.567081 23.249132
221.907910 -219.065317 -818.622395 23.298062
222.457448 -218.710004 -827.617063 23.343174
223.015729 -218.293855 -836.504642 23.374096
223.609145 -217.850119 -846.153837 23.419014
224.184598 -217.465243 -855.179415 23.457000
224.733649 -217.150654 -863.195935 23.509125
225.285713 -216.869061 -870.927760 23.540650
225.831592 -216.657781 -877.144477 23.557000
226.370200 -216.449148 -884.127453 23.598000
226.910056 -216.282527 -890.907086 23.639000
227.429950 -216.065861 -896.879296 23.650930
227.999673 -215.505689 -903.327765 23.667818
228.562950 -214.546380 -909.235808 23.655988
229.105348 -213.315014 -914.505617 23.655107
229.644030 -211.307053 -920.566666 23.697000
230.182325 -209.173102 -925.394300 23.733980
230.741040 -206.401524 -930.378396 23.782000
231.314311 -203.134320 -935.054629 23.823500
231.839314 -199.611755 -939.114415 23.888465
232.399160 -195.388292 -943.003035 23.985490
232.969037 -190.818352 -946.255353 24.101956
233.531214 -186.131432 -948.839661 24.155479
234.090127 -181.034073 -950.952104 24.242195
234.658009 -175.733735 -952.414286 24.306195
235.209689 -170.517591 -953.237970 24.330148
235.762061 -165.099745 -953.695616 24.333936
236.290323 -159.528859 -953.918085 24.362065
236.848877 -153.771486 -954.029277 24.380085
237.399942 -147.695186 -954.053304 24.393973
237.934006 -141.182321 -954.009119 24.428674
238.475107 -135.296243 -953.943899 24.453087
239.026069 -129.052512 -953.850169 24.486137
239.576882 -122.595372 -953.804963 24.503000
240.137089 -115.279398 -953.792222 24.510997
240.667234 -108.525936 -953.792718 24.546000
241.208574 -101.655095 -953.857555 24.566646
241.759349 -94.391176 -953.938873 24.582058
242.324054 -87.011384 -953.990299 24.614986
242.874677 -79.803127 -954.031696 24.631000
243.414438 -72.557340 -954.050463 24.668144
243.982493 -64.789599 -954.040535 24.701308
244.510669 -57.626396 -954.006136 24.719020
245.070655 -50.358499 -953.942601 24.748041
245.642889 -42.456387 -953.847131 24.781014
246.207366 -34.494952 -953.716543 24.804505
246.791003 -26.490908 -953.568424 24.836096
247.340041 -19.028873 -953.433466 24.867173
247.869714 -11.628206 -953.295405 24.897833
248.409950 -3.157223 -953.128118 24.929976
248.952857 4.298752 -952.972390 24.949006
249.512897 12.191164 -952.774566 24.981108
250.055590 19.927125 -952.565586 25.012811
250.584906 27.665355 -952.326945 25.032223
251.133221 35.507366 -952.094909 25.051000
251.718391 43.100700 -951.865482 25.077614
252.251781 50.899206 -951.654898 25.107000
252.803003 58.958422 -951.485716 25.129000
253.340977 66.563411 -951.360922 25.154145
253.904797 74.277082 -951.306512 25.187000
254.495518 82.399848 -951.301179 25.218265
255.077016 89.274967 -951.321141 25.243141
255.617730 95.545398 -951.322528 25.282041
256.186925 101.351221 -951.341624 25.291000
256.717062 106.670601 -951.373689 25.310017
257.288435 111.623169 -951.395808 25.334072
257.847668 115.732556 -951.409881 25.351999
258.381632 119.732039 -951.420389 25.367400
258.943530 123.223693 -951.421785 25.378995
259.487242 126.516045 -951.420426 25.395000
260.056904 129.221222 -951.423453 25.400969
260.605631 131.456940 -951.430684 25.406000
261.149504 133.209614 -951.431584 25.412933
261.717965 134.415815 -951.438695 25.413735
262.248411 135.184479 -951.439708 25.410632
262.799278 135.643941 -951.439296 25.410906
263.348488 135.826687 -951.439168 25.411000
263.937694 135.821199 -951.438430 25.409000
264.488037 135.820072 -951.438541 25.408959
265.056943 135.818482 -951.438497 25.409000
265.625123 135.817454 -951.438453 25.408890
266.166914 135.816664 -951.438411 25.408874
266.732268 135.816056 -951.438440 25.409000
267.262522 135.815733 -951.438526 25.408894
267.821220 135.815599 -951.438708 25.409000
268.390751 135.815739 -951.438852 25.408777
268.923410 135.816011 -951.438881 25.408432
269.473588 135.816423 -951.438315 25.409000
270.013130 135.816690 -951.437827 25.408963
270.555267 135.816817 -951.438133 25.408874
271.107327 135.816646 -951.438507 25.407961
271.666439 135.816367 -951.438747 25.408000
272.215783 135.816120 -951.438787 25.408967
272.764593 135.816225 -951.438426 25.408957
273.315610 135.816545 -951.437725 25.408886
273.872860 135.816486 -951.437422 25.408882
274.434307 135.816256 -951.437422 25.410000
274.954773 135.816194 -951.437599 25.408765
275.494659 135.815731 -951.438259 25.408963
276.053030 135.815154 -951.438852 25.410000
276.635480 135.815125 -951.438393 25.408882
277.186352 135.815243 -951.438473 25.409882
277.748770 135.815200 -951.439132 25.409412
278.298661 135.815143 -951.439265 25.409600
278.864611 135.814840 -951.439388 25.408963
279.414490 135.814573 -951.439304 25.408967
279.973424 135.814531 -951.439150 25.408965
280.532442 135.815133 -951.439012 25.407759
281.079530 135.815316 -951.439169 25.407759
281.642664 135.815121 -951.439567 25.407963
282.191307 135.814932 -951.440234 25.407882
282.731812 135.814765 -951.440302 25.406777
283.298843 135.814698 -951.439652 25.406605
283.847410 135.815143 -951.438900 25.408000
284.406510 135.816049 -951.438013 25.407965
284.947004 135.876279 -951.437571 25.407000
285.513649 136.076000 -951.437204 25.406882
286.068099 136.467074 -951.438942 25.406422
286.599947 137.120674 -951.440676 25.407759
287.158489 138.117516 -951.446562 25.409906
287.690013 139.530154 -951.452298 25.416000
288.256864 141.516577 -951.464347 25.425329
288.809159 143.665260 -951.475850 25.443025
289.369284 146.155519 -951.491294 25.458035
289.928435 149.097608 -951.515706 25.468985
290.459519 152.400501 -951.546591 25.475810
291.022036 156.592244 -951.587386 25.487554
291.575331 161.105384 -951.641645 25.512006
292.165681 166.082578 -951.703713 25.539843
292.723996 171.313233 -951.772764 25.567000
293.323488 177.264884 -951.893633 25.594000
293.863563 182.380551 -952.039076 25.633000
294.421912 188.863594 -952.247019 25.697000
294.981719 195.743349 -952.465975 25.749101
295.536674 202.706032 -952.689195 25.788112
296.106374 209.855695 -952.952735 25.830000
296.658709 217.178932 -953.276705 25.892000
297.227615 225.368325 -953.702010 25.957340
297.779570 233.377124 -954.183184 26.004295
298.318760 241.485292 -954.726946 26.072000
298.879353 249.711355 -955.329604 26.128000
299.441025 258.499603 -955.996781 26.194368
300.014300 267.291952 -956.706226 26.262000
300.587008 276.733513 -957.494910 26.331323
301.105860 285.103814 -958.205409 26.368094
301.675712 294.573732 -959.025357 26.435417
302.225712 303.070073 -959.765165 26.492000
302.766070 312.571001 -960.575037 26.551307
303.324620 320.982636 -961.265309 26.622253
303.923726 331.028395 -962.101457 26.701148
304.464599 339.645225 -962.864624 26.778743
305.005454 349.002025 -963.759635 26.847352
305.557707 357.448238 -964.610187 26.912752
306.106763 366.115227 -965.527538 26.983266
306.647144 374.774297 -966.497310 27.024181
307.181148 382.870075 -967.452085 27.095144
307.730651 390.867035 -968.439358 27.133000
308.285593 399.415774 -969.526711 27.194172
308.803725 407.451738 -970.590744 27.240096
309.335486 416.153314 -971.766998 27.296397
309.895419 424.265751 -972.908353 27.356325
310.444051 432.743944 -974.125591 27.421000
311.013810 441.016180 -975.338080 27.470197
311.572989 449.015402 -976.516001 27.543168
312.146062 457.672090 -977.802864 27.598355
312.695500 465.852016 -979.025620 27.656250
313.240243 474.107620 -980.251752 27.721286
313.809699 482.682106 -981.506474 27.777249
314.359540 489.522607 -982.507474 27.822169
314.900920 496.564135 -983.542866 27.866012
315.457601 505.159946 -984.789603 27.931628
316.008703 513.142341 -985.953608 27.989422
316.549613 520.868812 -987.072676 28.054548
317.123070 528.634685 -988.225387 28.103301
317.664506 536.347520 -989.455082 28.144581
318.236977 543.538405 -990.689086 28.200000
318.789937 550.908836 -992.036487 28.244279
319.363863 558.573974 -993.504898 28.305000
319.929582 566.117944 -995.049216 28.384237
320.479501 573.817020 -996.696504 28.434276
321.048827 581.448607 -998.369144 28.464304
321.617672 589.247063 -1000.122621 28.519187
322.168382 597.007895 -1001.926538 28.570087
322.730651 604.340509 -1003.741906 28.643408
323.284802 612.408540 -1005.870072 28.706000
323.870703 619.604748 -1007.874541 28.758225
324.409807 626.430624 -1009.848104 28.826000
324.950587 633.656705 -1011.983793 28.873000
325.519961 641.133777 -1014.225497 28.924000
326.079894 648.321695 -1016.389569 28.960201
326.610461 655.526441 -1018.507422 29.039000
327.159526 663.578255 -1020.789920 29.100295
327.720033 671.405773 -1022.927663 29.175499
328.259181 678.849887 -1024.862939 29.233000
328.819036 686.754360 -1026.847630 29.293000
329.410868 694.938157 -1028.956865 29.347032
329.943932 703.129856 -1031.102876 29.388221
330.483508 710.469474 -1033.052170 29.449000
331.055361 717.883017 -1035.037862 29.515042
331.607094 726.019590 -1037.223756 29.582000
332.180618 734.128197 -1039.390800 29.649070
332.731491 743.004668 -1041.781093 29.706376
333.281131 751.189787 -1043.976746 29.772000
333.816868 759.545574 -1046.207287 29.836261
334.366968 767.367083 -1048.279445 29.878615
334.930974 775.467819 -1050.410273 29.942694
335.502729 784.137633 -1052.662272 30.022000
336.032335 792.615818 -1054.887155 30.083205
336.581133 800.790624 -1057.005108 30.150871
337.130192 808.885544 -1059.130154 30.179162
337.698243 817.337534 -1061.321456 30.240000
338.320059 826.684821 -1063.742251 30.327386
338.864036 834.656004 -1065.826363 30.379000
339.437074 842.752831 -1067.975067 30.438680
339.998615 850.870555 -1070.138123 30.485128
340.562292 859.119875 -1072.339830 30.550104
341.121867 867.220037 -1074.496853 30.598000
341.681206 875.276934 -1076.623267 30.651046
342.233491 883.586049 -1078.811972 30.708103
342.767708 891.092098 -1080.712436 30.737447
343.344354 899.225290 -1082.533840 30.797000
343.892901 906.592669 -1083.970441 30.897000
344.462377 914.271667 -1085.271255 30.976257
345.053104 921.658220 -1086.458547 31.020400
345.585469 928.519105 -1087.631853 31.057316
346.135437 935.765214 -1089.059465 31.073223
346.685059 942.644689 -1090.596178 31.078049
347.226537 949.243495 -1092.155523 31.127134
347.775670 955.573553 -1093.687618 31.179000
348.326351 962.218376 -1095.361416 31.209119
348.856930 968.515332 -1096.973260 31.270000
349.457197 974.780263 -1098.496645 31.331149
349.996098 980.476467 -1099.617757 31.383000
350.546890 985.479379 -1100.191354 31.408750
351.112718 990.262220 -1100.207948 31.460739
351.665894 994.347550 -1099.583177 31.483115
352.186676 997.887565 -1098.283264 31.522419
352.756689 1001.019301 -1096.231452 31.591498
353.306405 1003.570872 -1093.631641 31.663000
353.867661 1005.753191 -1090.418590 31.723983
354.427603 1007.361984 -1086.880496 31.772045
354.986794 1008.413368 -1082.934747 31.798087
355.507315 1008.963575 -1078.770106 31.827804
356.093964 1009.176064 -1074.403126 31.864845
356.667718 1009.231418 -1069.866079 31.900676
357.208921 1009.260452 -1065.904316 31.901983
357.789092 1009.278857 -1062.171444 31.935392
358.354231 1009.320609 -1057.021919 31.952235
358.926136 1009.385693 -1051.267959 31.993079
359.493608 1009.461048 -1044.872416 32.051907
360.046162 1009.524705 -1038.694118 32.101972
360.630092 1009.592087 -1032.278805 32.177726
361.172713 1009.673642 -1025.827084 32.273004
361.721944 1009.753130 -1018.928249 32.391000
362.281331 1009.832440 -1011.914531 32.525876
362.841434 1009.924565 -1004.632331 32.713362
363.380960 1009.991485 -996.841090 32.910512
363.944206 1009.948934 -989.476054 33.099056
364.519189 1009.800141 -981.615344 33.298135
365.089207 1009.546088 -973.846948 33.497650
365.627723 1009.260420 -966.451724 33.686732
366.207438 1008.953117 -958.602598 33.888040
366.768058 1008.671077 -951.062349 34.070000
367.287049 1008.398602 -943.222760 34.257572
367.856830 1008.024144 -934.837662 34.469291
368.426222 1007.556378 -927.145828 34.655616
368.978584 1007.041220 -919.091886 34.849024
369.548682 1006.516266 -910.918736 34.972697
370.092239 1005.986843 -902.740869 35.073000
370.667648 1005.422458 -894.345259 35.134535
371.227989 1004.837189 -885.936070 35.141971
371.776710 1004.268778 -877.859694 35.113000
372.345910 1003.699528 -869.148694 35.009656
372.895647 1003.211825 -860.997618 34.900176
373.458537 1002.767722 -853.014055 34.780589
374.000025 1002.354425 -845.150109 34.657012
374.558735 1001.929537 -837.357288 34.528000
375.107836 1001.534126 -830.057302 34.405015
375.677412 1001.088059 -822.229934 34.267107
376.249109 1000.631447 -814.339329 34.130004
376.822809 1000.148780 -806.486612 34.004000
377.365455 999.642666 -798.957726 33.882000
377.965100 999.087759 -791.096893 33.751075
378.523698 998.463381 -783.089396 33.617000
379.056880 997.838544 -775.559673 33.499174
379.597341 997.196319 -768.236997 33.383578
380.180275 996.413744 -759.825457 33.233338
380.723489 995.691732 -752.079935 33.110538
381.282784 995.123500 -744.569707 32.968123
381.839093 994.541002 -737.353555 32.834522
382.407889 993.687690 -729.116211 32.694456
382.962815 993.036268 -721.639540 32.571623
383.522201 992.562126 -714.277341 32.447478
384.062316 992.200656 -707.387265 32.345087
384.635862 991.862409 -700.049541 32.229131
385.209620 991.533623 -692.661501 32.128579
385.819526 991.199462 -685.156008 32.007198
386.362198 990.835888 -677.147808 31.883232
386.925610 990.497656 -670.163043 31.722908
387.491305 990.087866 -662.189299 31.574000
388.051889 989.673318 -654.207829 31.436000
388.625311 989.212413 -645.890222 31.284309
389.184711 988.739368 -637.703011 31.162171
389.746852 988.290433 -630.218369 31.053068
390.290201 987.799202 -622.404100 30.937585
390.838718 987.282800 -614.247459 30.785000
391.398856 986.785064 -605.910421 30.623260
391.939053 986.301328 -597.058108 30.484000
392.498132 985.877820 -588.817017 30.347525
393.048172 985.510003 -581.288777 30.217000
393.577465 985.073506 -572.160000 30.063498
394.127532 984.711969 -564.306064 29.950000
394.667889 984.291759 -556.289533 29.831518
395.228905 983.788393 -547.710558 29.677346
395.788284 983.228066 -539.199203 29.536029
396.357519 982.674160 -531.101055 29.409000
396.896178 982.155329 -523.408269 29.279496
397.466439 981.608752 -514.935194 29.145935
398.025500 981.056460 -506.323949 29.017000
398.579194 980.549773 -497.915840 28.930801
399.150512 980.095045 -489.731028 28.864000
399.694356 979.690547 -482.045772 28.792683
400.212736 979.292026 -474.338111 28.732000
400.801706 978.847414 -465.821956 28.671000
401.351230 978.477762 -458.208390 28.625843
401.920091 978.058206 -449.687285 28.555777
402.482717 977.625565 -441.606737 28.521712
403.045620 977.166277 -433.749247 28.484637
403.609535 976.748993 -426.467738 28.463847
404.142290 976.313456 -418.762057 28.419398
404.705279 975.942227 -411.527791 28.410814
405.245557 975.603043 -404.606463 28.407739
405.805229 975.231193 -396.974659 28.370044
406.334353 974.853712 -389.185016 28.299821
406.883017 974.492206 -381.760591 28.258000
407.437258 974.100449 -373.715821 28.210000
407.991819 973.739952 -365.883317 28.154000
408.552673 973.375911 -358.256937 28.122831
409.093305 972.970238 -350.174966 28.082708
409.639823 972.514034 -341.415831 28.067731
410.199658 972.078420 -333.043485 28.068000
410.744599 971.628959 -325.053651 28.009000
411.306773 971.099077 -315.650522 27.938300
411.846485 970.624198 -307.025111 27.909000
412.394066 970.185246 -298.250168 27.860704
412.967690 969.709942 -288.620459 27.794873
413.530768 969.182723 -278.582711 27.757000
414.070116 968.674535 -269.312664 27.708829
414.621799 968.124518 -259.512951 27.662159
415.172739 967.625179 -250.965455 27.623000
415.732082 967.010886 -241.099765 27.553444
416.250896 966.468572 -232.034507 27.486652
416.779441 965.929478 -222.704941 27.418000
417.340990 965.326787 -212.298545 27.317660
417.905936 964.742202 -202.391683 27.202000
418.455191 964.186864 -193.293829 27.089256
419.002405 963.620619 -183.876656 26.970840
419.532351 963.109893 -175.310058 26.874011
420.082823 962.482910 -164.789759 26.741581
420.609180 961.912372 -155.116732 26.626000
421.178132 961.302603 -145.083364 26.485000
421.718277 960.714110 -135.493613 26.355623
422.280521 960.082433 -125.140542 26.239139
422.831930 959.452832 -114.969174 26.109609
423.393314 958.876949 -105.766765 25.991197
423.940348 958.210086 -96.035221 25.869031
424.484543 957.529548 -87.684251 25.741000
425.053736 956.678148 -79.103449 25.613089
425.609037 955.646617 -70.427092 25.485884
426.159301 954.650854 -62.870406 25.391334
426.710732 953.683959 -55.381131 25.287000
427.239798 952.969433 -48.457191 25.168000
427.770234 952.419877 -41.937845 25.082000
428.334679 951.866284 -35.222803 24.973000
428.893976 951.372753 -29.449171 24.868615
429.455417 950.857430 -23.443313 24.752000
430.029753 950.261413 -18.540265 24.649199
430.570450 949.179144 -13.649974 24.540048
431.130032 947.269092 -8.917365 24.408375
431.649813 944.619585 -4.869840 24.313000
432.208559 941.041966 -1.207154 24.197843
432.757691 936.628034 1.780298 24.099107
433.297975 931.960928 3.801275 23.966823
433.838560 926.942552 5.137569 23.867307
434.380690 921.409539 6.058949 23.756000
434.915660 916.106157 6.543042 23.646559
435.464915 910.473029 6.734523 23.531609
436.004150 904.655510 6.794827 23.414096
436.575567 898.635904 6.759761 23.281009
437.126574 892.434570 6.676496 23.145001
437.661603 887.599728 6.643851 23.044000
438.207968 881.485945 6.639423 22.918902
438.758451 875.117753 6.633957 22.786765
439.306859 868.313326 6.626321 22.651000
439.839496 861.555425 6.621866 22.509778
440.382041 855.200359 6.620448 22.378926
440.941253 848.444716 6.586713 22.234499
441.480254 840.649463 6.524233 22.071939
442.030660 833.746497 6.442283 21.928712
442.592547 826.145291 6.326221 21.771000
443.145624 818.821815 6.233631 21.611000
443.696198 810.468997 6.136441 21.422368
444.230178 802.946966 6.049870 21.264000
444.768704 795.135154 5.972729 21.089000
445.310362 787.367410 5.897127 20.931337
445.892994 778.791301 5.805610 20.746294
446.455521 770.230175 5.703922 20.577423
446.988895 762.197227 5.601779 20.417722
447.552114 753.331069 5.473514 20.241778
448.101831 745.418840 5.353052 20.070404
448.651488 737.221310 5.210305 19.892734
449.203989 729.005641 5.048690 19.722414
449.753742 720.686699 4.876766 19.540989
450.325145 711.539493 4.665912 19.333208
450.863696 702.744226 4.454271 19.142018
451.417349 693.968938 4.222139 18.973301
451.968608 684.923013 3.960808 18.823000
452.538453 675.683075 3.686468 18.712805
453.090933 666.676530 3.503885 18.665748
453.629984 657.442669 3.349370 18.622133
454.193127 648.250287 3.263609 18.622000
454.763449 639.258566 3.216234 18.607000
455.322723 630.607316 3.213310 18.644007
455.905284 622.054185 3.265566 18.638198
456.449165 614.227064 3.306383 18.637171
456.990218 606.269722 3.359263 18.635555
457.540468 597.868588 3.425823 18.583960
458.081713 589.881417 3.494435 18.585739
458.631118 580.825440 3.547322 18.589000
459.186986 571.911630 3.600968 18.608092
459.747979 562.525712 3.638985 18.610501
460.287351 553.735104 3.667019 18.652997
460.838438 545.124612 3.684785 18.708000
461.443252 535.613646 3.689456 18.781663
461.981613 527.201239 3.762198 18.836000
462.571658 518.144594 3.887436 18.885118
463.119776 509.402278 4.022978 18.967261
463.648828 500.268564 4.167624 19.033194
464.211026 491.602591 4.298027 19.087000
464.744697 483.056611 4.428679 19.141502
465.311532 475.022963 4.553016 19.200636
465.865632 466.980347 4.675022 19.262797
466.420617 458.219389 4.810473 19.341000
466.983204 449.912807 4.930819 19.384142
467.542140 441.153243 5.053218 19.446000
468.082660 433.054223 5.165100 19.504356
468.655288 424.280879 5.280389 19.565002
469.185147 416.261320 5.374939 19.629559
469.754301 408.327218 5.469317 19.693000
470.312567 400.086781 5.559038 19.738241
470.850856 391.912022 5.631474 19.794100
471.420290 383.678905 5.686134 19.849181
471.950445 375.296853 5.715012 19.914034
472.499484 367.458717 5.728651 19.955000
473.069156 359.271135 5.700153 20.013000
473.619015 350.845874 5.633287 20.073000
474.180855 342.558187 5.532654 20.144114
474.720620 334.282391 5.399874 20.211000
475.271286 326.366462 5.247616 20.259000
475.857182 317.763061 5.038476 20.310384
476.407382 309.883789 4.820931 20.358126
476.956629 301.908969 4.568060 20.415000
477.531795 293.364170 4.275614 20.481459
478.041219 285.400647 3.977450 20.538205
478.610332 277.207042 3.651991 20.596209
479.159909 269.278135 3.326366 20.635225
479.694596 261.689646 2.999464 20.683394
480.258272 254.128121 2.674761 20.739148
480.808311 246.695324 2.364785 20.785000
481.370390 240.110498 2.094817 20.828000
481.950614 233.085448 1.840829 20.865000
482.503196 225.945254 1.660933 20.904816
483.052701 219.093205 1.607457 20.956084
483.602501 212.276790 1.635390 21.012112
484.130492 205.244290 1.689301 21.067270
484.706607 197.879649 1.719244 21.121338
485.255901 191.404336 1.714973 21.178000
485.815975 184.316857 1.677152 21.249000
486.368121 177.237127 1.620829 21.312000
486.954141 170.284214 1.545432 21.375528
487.504421 163.383428 1.459488 21.424101
488.065619 156.006086 1.370972 21.470310
488.615393 148.631251 1.309554 21.451862
489.175608 141.447858 1.322027 21.438671
489.734528 134.058914 1.391736 21.403918
490.264693 126.083060 1.479685 21.361000
490.804446 118.376111 1.597805 21.316000
491.357012 110.184727 1.750919 21.277980
491.950394 102.306575 1.921027 21.244506
492.491181 94.035581 2.128173 21.215831
493.050846 86.045518 2.331976 21.205498
493.611663 77.306401 2.568183 21.176632
494.150998 68.233391 2.833476 21.153893
494.705164 59.691574 3.090088 21.136883
495.266302 51.050776 3.350871 21.105756
495.805517 43.067737 3.585278 21.085328
496.374093 34.193725 3.788749 21.061733
496.922437 25.959482 3.897034 21.040901
497.491009 17.257772 3.933739 21.024000
498.040479 8.530377 3.901582 20.986637
498.610199 -0.358687 3.818437 20.954617
499.183613 -9.042336 3.724938 20.928617
499.772327 -18.009593 3.647934 20.898689
500.311406 -26.389056 3.641304 20.873573
500.868594 -34.958674 3.667213 20.855573
501.429341 -43.728536 3.729559 20.827693
501.976780 -52.134393 3.796275 20.797597
502.545914 -61.038947 3.836155 20.779000
503.114677 -69.915960 3.837198 20.752853
503.663514 -78.163948 3.808272 20.730000
504.265570 -87.576670 3.739828 20.694883
504.824692 -96.038700 3.644923 20.663765
505.404631 -105.187489 3.535329 20.620000
505.963310 -113.776033 3.429027 20.593467
506.511895 -121.734026 3.336254 20.558889
507.071944 -129.844724 3.260948 20.533889
507.672035 -138.011241 3.227631 20.514720
508.221291 -145.667994 3.217932 20.493606
508.800480 -153.594447 3.227612 20.470875
509.360168 -160.505171 3.193679 20.450926
509.919114 -167.096900 3.133035 20.416000
510.468120 -173.341403 3.023172 20.350726
511.041100 -178.880904 2.790523 20.295000
511.601432 -184.518210 2.300763 20.211620
512.158656 -189.151973 1.542555 20.128998
512.689183 -193.173113 0.438440 20.077000
513.241632 -197.364482 -1.248680 20.035764
513.805251 -200.998261 -3.451808 19.990617
514.365996 -204.304908 -6.264197 19.951907
514.916435 -207.117145 -9.679620 19.962665
515.475562 -209.480757 -13.693490 20.004622
516.048420 -211.093844 -18.194820 20.035000
516.601969 -211.949645 -22.910265 20.059292
517.142470 -212.211858 -27.904041 20.095103
517.711795 -212.343965 -33.219371 20.113804
518.291209 -212.387943 -39.226521 20.152033
518.883615 -212.433874 -45.639587 20.170144
519.486802 -212.461381 -50.105261 20.193000
519.997746 -212.538840 -56.297209 20.199000
520.549679 -212.675822 -62.881954 20.237047
521.112620 -212.841810 -69.340227 20.268076
521.672782 -213.061339 -76.143563 20.295973
522.221340 -213.303071 -83.323372 20.329145
522.770732 -213.412504 -90.093332 20.354073
523.341626 -213.488884 -97.331043 20.379000
523.883662 -213.416263 -104.509149 20.410511
524.443352 -213.238796 -112.105551 20.431000
524.992107 -213.038013 -119.337775 20.473296
525.554784 -212.805623 -126.865814 20.465000
526.098423 -212.571329 -134.297924 20.500000
526.657032 -212.256399 -141.537048 20.536005
527.222432 -211.900510 -149.381762 20.579000
527.774827 -211.547102 -156.577854 20.623000
528.337497 -211.198037 -164.309817 20.642412
528.898470 -210.941180 -171.959119 20.658000
529.431854 -210.727226 -180.083523 20.665000
530.000736 -210.591197 -187.436741 20.696825
530.539066 -210.472095 -194.274366 20.720691
531.090713 -210.419915 -201.120511 20.755000
531.660032 -210.499119 -208.593014 20.787121
532.228561 -210.964746 -216.256380 20.768344
532.787056 -211.697210 -223.348820 20.779355
533.346840 -212.380850 -230.382867 20.819000
533.886169 -212.802067 -236.984081 20.895134
534.460571 -212.800164 -243.652699 20.891470
535.000330 -212.657614 -250.575263 20.896033
535.553155 -212.473568 -256.997030 20.918512
536.103047 -212.322050 -263.528089 20.924498
536.674717 -212.300960 -270.233581 20.951000
537.233374 -212.619452 -277.511205 20.933319
537.762103 -212.643224 -284.610384 20.995729
538.311237 -212.546603 -291.961025 21.027830
538.850614 -212.455412 -298.823196 21.065000
539.391297 -212.425847 -305.619909 21.119300
539.950366 -212.460708 -312.770587 21.130000
540.519592 -212.562391 -319.894564 21.163000
541.068031 -212.605729 -326.213695 21.207000
541.617204 -212.533022 -332.570607 21.222000
542.177694 -212.426310 -338.725159 21.241994
542.728919 -212.282853 -345.030295 21.277729
543.290825 -212.130911 -350.698082 21.288000
543.842847 -211.864646 -356.482707 21.336829
544.401585 -211.388313 -361.833864 21.354026
544.960056 -210.682411 -366.479625 21.364852
545.518528 -209.524948 -370.969061 21.403359
546.089682 -207.890087 -375.001464 21.457562
546.648107 -205.825798 -378.767610 21.513223
547.187407 -203.324361 -382.201850 21.559218
547.716673 -200.142621 -385.592551 21.628479
548.276798 -196.425770 -388.583998 21.718219
548.838088 -192.381538 -391.187386 21.869000
549.409505 -187.478546 -393.472216 22.048392
549.944569 -182.349491 -395.058016 22.229249
550.503167 -177.114085 -396.014636 22.381903
551.053902 -171.560150 -396.698156 22.534558
551.651925 -165.457964 -397.275528 22.667638
552.212280 -159.639033 -397.706817 22.764000
552.746336 -153.757114 -398.081668 22.854530
553.294362 -147.195494 -398.350476 22.955542
553.854828 -140.600139 -398.477367 23.072342
554.404173 -134.261065 -398.526858 23.185000
554.974293 -127.622504 -398.543322 23.291000
555.524076 -120.508567 -398.550126 23.398939
556.092951 -112.604520 -398.547625 23.521574
556.631330 -105.367603 -398.561913 23.624345
557.193194 -97.917708 -398.612243 23.738000
557.773167 -89.177997 -398.646961 23.878618
558.327953 -81.292050 -398.681825 23.991000
558.897017 -72.899990 -398.778098 24.126598
559.475677 -64.690777 -398.896632 24.231000
560.055082 -55.715935 -399.024504 24.361333
560.586591 -47.504812 -399.049208 24.494000
561.155553 -39.460221 -399.033836 24.601000
561.725830 -31.053185 -399.009140 24.703000
562.275183 -23.181483 -399.001085 24.827241
562.814854 -15.315955 -398.960998 24.944769
563.366228 -6.698072 -398.870544 25.062289
563.907102 1.794448 -398.732680 25.192000
564.473520 10.085705 -398.565905 25.330840
565.055298 18.797267 -398.387695 25.471639
565.616157 26.873822 -398.252012 25.586000
566.185481 35.244776 -398.148112 25.701587
566.735379 43.067352 -398.123806 25.827000
567.314668 51.871371 -398.158520 25.946355
567.852850 59.543963 -398.181662 26.054177
568.394536 67.291884 -398.167451 26.159538
568.974616 75.067519 -398.155545 26.254530
569.538476 82.617402 -398.125645 26.358865
570.096978 90.592227 -398.094113 26.491683
570.666180 98.563968 -398.057078 26.600412
571.215160 106.679926 -398.039246 26.716000
571.774460 114.798625 -398.038637 26.831622
572.344131 122.812894 -398.041221 26.966910
572.914212 130.592487 -398.056745 27.104113
573.461686 138.023308 -398.066914 27.216080
574.019483 145.013324 -398.106854 27.327519
574.579220 152.707064 -398.179736 27.469203
575.133317 160.340191 -398.244926 27.566000
575.684288 168.083785 -398.308562 27.647339
576.225683 176.376509 -398.364165 27.745550
576.758466 183.745389 -398.414198 27.852342
577.308965 191.622397 -398.446114 27.964621
577.850127 200.014062 -398.459320 28.076113
578.380058 208.085102 -398.460678 28.187287
578.978740 217.672420 -398.446157 28.317269
579.531620 226.028024 -398.417132 28.430594
580.065461 234.694587 -398.382389 28.550404
580.616056 242.599031 -398.335313 28.656000
581.171600 250.861042 -398.300662 28.796858
581.722578 259.324466 -398.288761 28.932740
582.291710 268.732662 -398.324843 29.058329
582.860835 277.719520 -398.400386 29.190000
583.420511 285.976332 -398.477886 29.323555
583.990214 295.156179 -398.559669 29.435833
584.564101 304.490019 -398.649025 29.553000
585.094921 313.064114 -398.718128 29.597149
585.626711 321.857316 -398.773780 29.623951
586.205632 331.192523 -398.814606 29.598670
586.763793 340.357003 -398.842911 29.526732
587.324602 349.578033 -398.855857 29.421646
587.854517 358.533721 -398.863564 29.308449
588.415464 367.003557 -398.875295 29.184578
588.965978 375.247905 -398.879568 29.090010
589.534792 384.616379 -398.903988 28.945368
590.085398 393.441424 -398.921734 28.824574
590.649676 402.678869 -398.911005 28.698520
591.179002 411.220277 -398.852646 28.588264
591.747490 419.940682 -398.750986 28.494034
592.296617 428.196204 -398.610779 28.357057
592.846899 436.734582 -398.431552 28.243110
593.379232 445.193553 -398.211593 28.133588
593.939198 453.956267 -397.946040 28.020570
594.491443 461.917875 -397.692933 27.913000
595.067915 470.301308 -397.442763 27.790937
595.628416 478.566887 -397.231818 27.674422
596.187787 486.351087 -397.046505 27.562495
596.786710 494.297672 -396.880683 27.450670
597.335430 501.754155 -396.756860 27.351000
597.901601 509.203203 -396.663433 27.246242
598.434695 517.202681 -396.607885 27.147299
598.958868 524.027163 -396.560828 27.061222
599.528023 531.250278 -396.505799 26.969250
600.078019 538.185073 -396.475499 26.866000
600.631565 544.917350 -396.402339 26.767000
601.185231 549.921513 -396.339558 26.702659
601.713856 555.448489 -396.258168 26.626770
602.273736 561.214001 -396.182934 26.562670
602.831912 566.302494 -396.128605 26.471908
603.405426 571.038692 -396.083978 26.423938
603.984905 575.727717 -396.063575 26.354758
604.544285 579.634944 -396.042470 26.309819
605.103029 582.726757 -396.033217 26.276865
605.645823 585.330293 -396.029161 26.246687
606.245227 587.525072 -396.027995 26.227000
606.794631 589.064713 -396.027965 26.215627
607.327005 590.255331 -396.029721 26.206807
607.916409 591.011611 -396.031344 26.199705
608.466242 591.383072 -396.031760 26.194000
609.026582 591.602283 -396.031357 26.191963
609.574584 591.671798 -396.031224 26.191961
610.117491 591.707390 -396.031105 26.189000
610.659576 591.943176 -396.032402 26.180000
611.217135 592.534028 -396.030680 26.181897
611.786268 593.517470 -396.036957 26.172669
612.335949 595.113865 -396.039745 26.155819
612.899574 597.017938 -396.053111 26.139731
613.428067 599.274801 -396.056471 26.115000
613.998546 602.131775 -396.064012 26.088485
614.570235 605.080253 -396.087187 26.063236
615.120901 608.687469 -396.153503 26.033000
615.656299 612.633649 -396.276492 26.032000
616.208045 616.897584 -396.463251 26.017760
616.766721 621.566961 -396.690698 26.001601
617.307910 626.481922 -396.849760 25.980304
617.870833 631.856347 -396.964753 25.969969
618.420636 637.696813 -397.047294 25.967026
619.008544 643.746489 -397.113107 25.983616
619.539633 649.756481 -397.190260 26.031882
620.087952 655.833695 -397.312014 26.064043
620.668754 662.712585 -397.442831 26.100187
621.237582 669.584591 -397.552881 26.152000
621.806791 676.773530 -397.666835 26.204000
622.335675 684.209790 -397.767830 26.255722
622.886075 691.716499 -397.867324 26.308193
623.456860 699.262146 -397.986151 26.356205
624.023836 706.767619 -398.092509 26.421391
624.574540 714.530705 -398.182189 26.478000
625.107483 721.961891 -398.219189 26.538324
625.666013 729.561888 -398.217069 26.585094
626.236953 737.105487 -398.220807 26.638381
626.796609 745.306065 -398.259207 26.704429
627.355985 753.062091 -398.284349 26.765000
627.904575 760.757075 -398.322337 26.822000
628.454769 769.163762 -398.383479 26.871264
628.983852 776.561321 -398.409767 26.909603
629.542914 785.030784 -398.444432 26.973000
630.108469 794.021804 -398.460982 27.051000
630.646813 802.256895 -398.463683 27.096153
631.202342 811.312129 -398.417895 27.144921
631.751144 820.588711 -398.401544 27.213265
632.310329 828.791529 -398.391898 27.274150
632.883008 837.102330 -398.316396 27.334000
633.401475 845.430087 -398.253508 27.405072
633.960547 853.201526 -398.230484 27.472217
634.505449 860.940056 -398.157148 27.519076
635.065265 869.553162 -398.086799 27.575137
635.614587 876.709518 -398.054704 27.629429
636.194384 883.949990 -398.033751 27.666208
636.733080 890.803737 -398.049890 27.720208
637.303101 898.199715 -398.048681 27.769346
637.844716 904.522298 -398.015599 27.815095
638.394434 910.250091 -397.984616 27.859260
638.952881 915.934957 -397.938482 27.881896
639.512157 921.378852 -397.901978 27.956807
640.069988 926.546880 -397.882193 27.972000
640.616927 931.581577 -397.881556 28.012133
641.175278 936.136485 -397.892158 28.046199
641.739743 940.374114 -397.906471 28.085085
642.292239 943.922427 -397.914249 28.112854
642.853332 947.016556 -397.924904 28.136795
643.424306 949.717912 -397.950820 28.157000
643.976883 952.006455 -397.986852 28.174985
644.549737 953.927265 -398.025063 28.197893
645.120483 955.173929 -398.054953 28.197784
645.656480 955.821070 -398.071568 28.202930
646.235509 955.977068 -398.077054 28.201947
646.795435 955.965060 -398.076997 28.197874
647.347501 955.962571 -398.075642 28.196632
647.891015 955.961148 -398.075388 28.196592
648.461673 955.959934 -398.075839 28.195759
649.019206 955.959264 -398.075787 28.195959
649.564243 955.958530 -398.075889 28.195961
650.103680 955.958063 -398.075889 28.195165
650.667490 955.957628 -398.075776 28.195959
651.226067 955.957485 -398.075894 28.195882
651.764450 955.957443 -398.076040 28.195961
652.341126 955.957551 -398.076282 28.194412
652.880007 955.957764 -398.076553 28.194961
653.447953 955.957853 -398.076522 28.194882
654.007195 955.957788 -398.076213 28.194961
654.566116 955.957747 -398.075604 28.194765
655.096924 955.958020 -398.075630 28.195000
655.671946 955.958794 -398.076045 28.194765
656.227505 955.958665 -398.077511 28.193372
656.777686 955.957900 -398.079639 28.191878
657.346533 955.957153 -398.080714 28.191961
657.899164 955.956683 -398.081224 28.191765
658.459651 955.956740 -398.081128 28.192000
659.020540 955.957018 -398.081272 28.190605
659.580023 955.957241 -398.081393 28.192886
660.137576 955.957369 -398.081195 28.192765
660.686544 955.957575 -398.080888 28.192882
661.237621 955.957753 -398.080716 28.194000
661.777638 955.957719 -398.080399 28.194000
662.329257 955.957664 -398.079880 28.176948
662.881823 955.957467 -398.078330 28.194759
663.443211 955.958164 -398.078873 28.195000
663.983412 955.959745 -398.078854 28.194352
664.536627 956.038323 -398.081432 28.194783
665.086219 956.264750 -398.087700 28.197000
665.646035 956.692794 -398.099100 28.200981
666.226354 957.550857 -398.127844 28.206950
666.755689 958.723869 -398.176352 28.218021
667.325992 960.337484 -398.251143 28.234958
667.856363 962.264803 -398.382266 28.255000
668.419314 964.564951 -398.687938 28.281063
668.966891 966.838507 -399.229890 28.304047
669.507338 969.380915 -400.227840 28.332063
670.053506 971.786259 -401.632828 28.359095
670.610866 974.203232 -403.612294 28.394914
671.162871 976.488579 -406.232755 28.424816
671.706743 978.412651 -409.266227 28.450087
672.248531 979.989380 -412.678188 28.477114
672.791142 981.240912 -416.275479 28.490977
673.342406 982.219035 -420.541219 28.502881
673.894247 982.751336 -424.948796 28.506815
674.432779 983.013276 -429.456081 28.515851
674.971036 983.222013 -434.704479 28.527027
675.516670 983.473942 -439.963587 28.550000
676.070482 983.787417 -445.618832 28.569615
676.664917 984.114590 -450.916585 28.606000
677.215078 984.529466 -456.775881 28.656000
677.793902 984.910115 -462.484585 28.678121
678.352994 985.260655 -468.465477 28.713117
678.872093 985.579525 -474.862921 28.763275
679.421458 985.865913 -480.990279 28.815000
679.970289 986.174140 -487.700615 28.876423
680.543005 986.480985 -494.923008 28.943504
681.094650 986.766214 -501.598701 29.014463
681.637739 987.089460 -508.373431 29.109000
682.209615 987.454182 -515.687449 29.212960
682.767070 987.771163 -522.378457 29.329061
683.319665 988.050488 -528.308056 29.424373
683.859391 988.389878 -535.338246 29.542000
684.409697 988.769613 -542.945908 29.654659
684.981565 989.151446 -550.210719 29.769000
685.530680 989.533415 -557.358294 29.890323
686.073520 989.990971 -564.772710 30.005674
686.643697 990.452212 -571.814661 30.114674
687.183023 990.931456 -578.921960 30.223856
687.755358 991.372825 -586.014484 30.344857
688.287282 991.761275 -592.460376 30.448016
688.861439 992.135551 -599.319980 30.563000
689.414489 992.476181 -605.789244 30.673003
689.967942 992.809603 -612.507705 30.795000
690.517664 993.095491 -618.835636 30.920414
691.077489 993.403002 -625.181175 31.029000
691.636248 993.742819 -631.272636 31.128377
692.159795 994.106100 -637.272732 31.230307
692.718370 994.492004 -643.583721 31.338000
693.267253 994.642897 -649.590107 31.446666
693.836395 994.393324 -655.107907 31.560848
694.420006 993.440608 -660.634376 31.642243
694.986876 991.653749 -665.623275 31.691353
695.538457 989.064659 -669.761409 31.717919
696.088596 986.027129 -672.963223 31.731195
696.648266 982.299903 -675.468201 31.794354
697.180646 978.196268 -677.149888 31.788698
697.762197 973.788535 -677.931472 31.742432
698.313671 968.944927 -678.036450 31.686993
698.864461 964.155860 -677.874935 31.631153
699.404600 959.037366 -677.652861 31.580788
699.963890 953.214411 -677.414817 31.514307
700.543596 947.029036 -677.248061 31.446000
701.085937 940.560483 -677.183010 31.369748
701.659149 934.109554 -677.168908 31.298479
702.193169 927.483169 -677.166630 31.221813
702.754279 920.484561 -677.166602 31.142197
703.303139 913.531471 -677.158878 31.037635
703.832871 906.166517 -677.171886 30.945349
704.372785 898.506403 -677.240528 30.860418
704.968590 890.636673 -677.340963 30.757955
705.489747 882.755292 -677.417201 30.661840
706.038949 875.234679 -677.457635 30.555000
706.599482 866.435446 -677.466789 30.436986
707.163190 857.738528 -677.454239 30.324327
707.730295 848.744141 -677.435078 30.219725
708.267210 839.950658 -677.415273 30.109933
708.827004 830.506949 -677.403618 29.981000
709.406288 821.303389 -677.414337 29.865204
709.987694 811.261669 -677.478918 29.753141
710.557581 802.421396 -677.645398 29.624660
711.126609 793.890762 -677.898700 29.521379
711.697104 784.538594 -678.199137 29.405000
712.245515 776.169156 -678.494709 29.304568
712.798798 767.453656 -678.787102 29.185573
713.378203 758.337363 -679.034114 29.064247
713.892945 750.386326 -679.252896 28.968192
714.446394 742.280705 -679.487559 28.860243
714.994390 734.558801 -679.734736 28.772671
715.552510 726.666441 -679.987629 28.670000
716.117532 719.019239 -680.249112 28.573522
716.656901 712.262111 -680.485494 28.487721
717.216219 705.755799 -680.711608 28.399000
717.755219 700.026074 -680.899415 28.317000
718.324141 693.502329 -681.079911 28.228000
718.902699 686.957296 -681.194030 28.145000
719.473696 680.394972 -681.275408 28.053000
720.022161 673.683542 -681.337214 27.976757
720.550261 667.080863 -681.349517 27.919674
721.120646 660.370262 -681.389999 27.873000
721.669608 653.917294 -681.427736 27.827738
722.235370 646.973498 -681.431741 27.789000
722.799730 640.331685 -681.391227 27.749790
723.358191 632.970513 -681.336339 27.695000
723.908396 625.596479 -681.227416 27.682858
724.452181 617.966195 -681.109003 27.636945
725.002418 611.237130 -680.982661 27.615000
725.555290 604.056589 -680.831562 27.571719
726.124535 596.836407 -680.644651 27.540009
726.633848 589.425699 -680.448930 27.490038
727.188668 581.614829 -680.253245 27.465671
727.736960 574.121058 -680.051724 27.460516
728.290304 566.187598 -679.840043 27.378954
728.841632 558.376587 -679.624456 27.345887
729.377106 550.684561 -679.430004 27.292891
729.926953 542.595073 -679.231277 27.229000
730.476099 534.733354 -679.060135 27.166704
731.029963 526.158355 -678.882113 27.097158
731.571213 518.001461 -678.736135 27.047112
732.144231 508.951127 -678.588486 26.963703
732.713976 500.176823 -678.481260 26.888000
733.262650 491.763008 -678.421289 26.826737
733.826298 482.283531 -678.425428 26.757509
734.355940 473.543383 -678.463700 26.664038
734.925605 464.453582 -678.554349 26.592761
735.485071 455.885905 -678.664317 26.536606
736.066773 446.570401 -678.780532 26.483157
736.626226 438.336013 -678.894577 26.426419
737.195998 429.416333 -679.018467 26.358753
737.747154 421.566941 -679.114741 26.322263
738.320033 411.997225 -679.217697 26.257157
738.899657 403.272692 -679.289184 26.170812
739.451614 393.778124 -679.340676 26.115642
740.002383 384.657177 -679.347800 26.069399
740.541115 376.214975 -679.351617 26.009783
741.099914 367.282343 -679.334954 25.955431
741.641585 358.218679 -679.297294 25.908354
742.192288 349.703118 -679.292974 25.869781
742.724830 341.067008 -679.338533 25.798407
743.283473 332.304580 -679.442122 25.739498
743.852299 323.593701 -679.589239 25.676406
744.382434 314.841782 -679.794588 25.626411
744.940992 306.189783 -680.033559 25.561000
745.490334 297.940295 -680.301792 25.503571
746.049417 290.223790 -680.558688 25.450470
746.599661 281.675859 -680.816701 25.403300
747.139869 273.503448 -681.022569 25.344610
747.695155 265.390826 -681.201766 25.293550
748.248579 257.330623 -681.395357 25.242825
748.831118 249.460931 -681.582104 25.186292
749.373836 242.025880 -681.790599 25.144207
749.905217 235.096717 -682.037017 25.096000
750.452292 228.994631 -682.296996 25.050623
751.002614 223.741297 -682.534675 25.020606
751.541157 218.531443 -682.749094 24.987642
752.083007 213.639928 -682.877844 24.949874
752.642899 209.208513 -682.930566 24.928728
753.207270 205.483612 -682.968125 24.906700
753.776592 202.248399 -682.986341 24.884000
754.305936 199.798974 -683.007553 24.866437
754.855830 197.577405 -683.031092 24.843707
755.394366 195.749643 -683.061724 24.823903
755.953734 194.388637 -683.086212 24.810000
756.501958 193.385560 -683.106659 24.803000
757.063015 192.789950 -683.117274 24.800903
757.627195 192.638162 -683.120209 24.799888
758.172726 192.650803 -683.119500 24.796777
758.742224 192.653870 -683.119461 24.795961
759.284003 192.655796 -683.119530 24.794747
759.852732 192.657358 -683.119639 24.793957
760.403630 192.658707 -683.119511 24.786261
760.956619 192.659685 -683.119699 24.790573
761.558156 192.660293 -683.119967 24.792000
762.088207 192.660693 -683.120290 24.790753
762.633424 192.660894 -683.120649 24.789000
763.189277 192.660883 -683.120831 24.789000
763.744582 192.660819 -683.120553 24.789608
764.306421 192.660938 -683.120024 24.790422
764.847436 192.661372 -683.119564 24.790878
765.398281 192.661428 -683.119487 24.791000
765.968817 192.661268 -683.119487 24.789882
766.537317 192.661150 -683.119024 24.790771
767.107635 192.660960 -683.118691 24.791957
767.686791 192.660704 -683.118430 24.790963
768.258070 192.660971 -683.117497 24.790882
768.798505 192.661387 -683.116699 24.790878
769.338765 192.661795 -683.116599 24.791959
769.899510 192.661740 -683.117251 24.791000
770.449172 192.661550 -683.117961 24.790882
770.997967 192.661651 -683.117741 24.790605
771.546888 192.661953 -683.117604 24.791961
772.116630 192.662007 -683.117827 24.791000
772.684872 192.661602 -683.118336 24.790886
773.243555 192.661150 -683.118508 24.791894
773.811475 192.661049 -683.117965 24.792759
774.380841 192.661250 -683.117297 24.792959
774.946533 192.661503 -683.116987 24.791874
775.515491 192.661383 -683.117510 24.793000
776.044228 192.661383 -683.117854 24.792608
776.602545 192.661472 -683.117875 24.794000
777.161948 192.661235 -683.118081 24.792870
777.720870 192.661105 -683.118365 24.793000
778.271279 192.661161 -683.118710 24.792000
778.836524 192.660905 -683.119017 24.792000
779.385271 192.660422 -683.119370 24.790961
779.946905 192.655628 -683.119449 24.790000
780.469337 192.550302 -683.120901 24.787965
781.049801 192.299083 -683.124952 24.788000
781.619197 191.852303 -683.131083 24.786000
782.179789 191.243034 -683.141314 24.785862
782.731573 190.262640 -683.153880 24.782000
783.292705 188.971954 -683.169394 24.774651
783.844811 187.436559 -683.184216 24.765823
784.404180 185.622023 -683.195523 24.753401
784.975264 183.539611 -683.204769 24.743767
785.564003 181.006893 -683.200492 24.731903
786.103985 178.475261 -683.191551 24.722442
786.671223 175.203404 -683.171713 24.716901
787.214333 171.784442 -683.133693 24.690964
787.766984 167.738027 -683.087314 24.668000
788.315170 163.819774 -683.017673 24.667920
788.888175 158.970404 -682.905418 24.653851
789.440535 154.375374 -682.810439 24.656000
789.983931 149.059656 -682.624171 24.596000
790.543464 143.124481 -682.316659 24.537641
791.103108 137.092766 -681.940030 24.505686
791.642460 131.377249 -681.617269 24.461000
792.207575 124.849751 -681.346478 24.403056
792.748849 118.617975 -681.178951 24.394820
793.331045 111.389485 -681.042372 24.356675
793.911807 103.850545 -680.956158 24.332687
794.470862 96.548726 -680.925534 24.299708
795.028536 88.919271 -680.945648 24.268832
795.569094 80.829487 -680.987944 24.238043
796.108507 73.300397 -681.022795 24.209000
796.662062 65.392635 -681.043926 24.180469
797.214536 57.384379 -681.049163 24.142577
797.754216 49.439565 -681.035774 24.101831
798.322642 41.156493 -681.017776 24.059597
798.861760 32.869674 -681.009479 24.021805
799.423284 24.573073 -681.025680 23.971000
799.953932 16.683161 -681.073126 23.919334
800.517250 7.732514 -681.154354 23.860781
801.045952 0.053164 -681.228805 23.827000
801.606039 -8.286041 -681.273666 23.771462
802.167172 -16.674440 -681.283481 23.726143
802.729125 -24.990740 -681.275749 23.680789
803.304022 -32.655441 -681.265424 23.636809
803.875906 -40.804059 -681.263942 23.592000
804.430583 -48.610981 -681.252765 23.540189
804.980574 -56.449428 -681.264056 23.501911
805.515082 -63.466434 -681.267876 23.460624
806.084717 -70.768359 -681.281879 23.427520
806.659574 -78.052094 -681.305027 23.396576
807.206235 -86.106159 -681.348322 23.357267
807.765481 -93.319992 -681.373796 23.304982
808.326790 -100.360223 -681.409536 23.263000
808.856014 -107.416595 -681.461067 23.227815
809.428927 -114.991121 -681.530228 23.189612
809.979558 -122.641486 -681.608858 23.148000
810.527746 -129.831006 -681.684138 23.107000
811.096939 -137.280104 -681.781426 23.069840
811.646054 -143.783624 -681.857582 23.027000
812.228179 -150.663544 -681.898350 22.986922
812.788147 -156.851663 -681.919753 22.964856
813.357653 -162.695686 -681.902996 22.924762
813.906269 -168.086073 -681.924780 22.873761
814.434645 -173.422549 -682.028367 22.869946
814.987643 -178.282920 -682.455702 22.818740
815.566184 -183.130059 -683.424041 22.739087
816.125963 -187.759105 -685.118265 22.686872
816.646054 -191.763478 -687.180822 22.639915
817.196166 -195.666787 -689.858784 22.605200
817.740843 -199.511978 -693.299403 22.579194
818.275025 -202.534326 -696.768010 22.567068
818.825202 -205.106058 -700.713847 22.573900
819.386414 -207.443304 -705.660859 22.587270
819.941005 -208.894380 -710.780367 22.639979
820.500178 -209.559695 -715.242490 22.684000
821.055381 -209.730124 -720.467794 22.726000
821.595647 -209.695368 -725.747654 22.768115
822.164114 -209.748503 -731.783215 22.803385
822.713048 -210.313320 -737.272671 22.763636
823.315121 -210.912857 -743.696517 22.835019
823.858813 -211.304415 -749.392450 22.891565
824.388585 -211.199101 -755.153955 22.877527
824.921681 -210.891063 -760.828607 22.965268
825.458099 -210.616926 -766.582326 22.977140
825.997345 -210.443382 -772.882266 23.023000
826.545799 -210.448408 -778.845850 23.040725
827.098739 -210.530926 -784.944609 23.055000
827.652548 -210.561629 -791.408778 23.104422
828.185799 -210.375982 -797.568296 23.131147
828.738114 -210.043019 -804.166833 23.166000
829.307680 -209.697336 -810.442331 23.220969
829.878464 -209.337185 -816.808302 23.245117
830.464867 -209.092048 -822.363516 23.264151