0.000000 0.176117 -0.283581 420.911959
0.579670 0.175718 -0.283353 420.912000
1.103074 0.175595 -0.283061 420.910878
1.672458 0.175779 -0.282541 420.910759
2.233966 0.175900 -0.282301 420.910882
2.775704 0.175885 -0.282364 420.910886
3.340537 0.175773 -0.282570 420.910961
3.922547 0.175552 -0.282941 420.910412
4.463741 0.175462 -0.282672 420.911000
5.080336 0.175373 -0.282403 420.910765
5.656332 0.175117 -0.282057 420.911000
6.234982 0.174608 -0.282249 420.911608
6.797550 0.174371 -0.282341 420.911882
7.369012 0.174282 -0.282300 420.910236
7.949412 0.174050 -0.282508 420.911961
8.509683 0.173825 -0.282772 420.911886
9.089948 0.173692 -0.283055 420.911959
9.660638 0.173530 -0.282992 420.911759
10.241742 0.173380 -0.282941 420.910412
10.781509 0.173681 -0.283286 420.911000
11.330878 0.173848 -0.283367 420.910882
11.898142 0.173959 -0.283130 420.910961
12.480682 0.174093 -0.283316 420.910608
13.031117 0.174415 -0.283420 420.910961
13.582625 0.174384 -0.283422 420.910961
14.162719 0.174280 -0.283084 420.910961
14.712557 0.174137 -0.282864 420.910882
15.271638 0.174148 -0.283257 420.911000
15.831191 0.174226 -0.283046 420.911000
16.395580 0.174315 -0.282042 420.910765
16.927891 0.174393 -0.281454 420.910600
17.459434 0.174627 -0.281251 420.911000
18.028261 0.175106 -0.281270 420.911000
18.567767 0.175024 -0.280978 420.910882
19.128152 0.174705 -0.280407 420.910000
19.691211 0.174840 -0.280023 420.910961
20.262612 0.174972 -0.279332 420.911000
20.802253 0.175054 -0.278760 420.909882
21.351651 0.175362 -0.278362 420.909765
21.934620 0.175317 -0.277921 420.910000
22.473883 0.174482 -0.278238 420.910000
23.052931 0.174360 -0.278274 420.909959
23.612431 0.174304 -0.277998 420.910000
24.162701 0.174449 -0.277418 420.909882
24.721708 0.174182 -0.276808 420.910000
25.270576 0.173848 -0.276601 420.909882
25.820881 0.173907 -0.277071 420.909882
26.380003 0.173803 -0.277115 420.909961
26.909052 0.173454 -0.276723 420.909882
27.459517 0.173692 -0.276673 420.910882
28.037415 0.173963 -0.276927 420.910882
28.599602 0.173826 -0.277192 420.908844
29.144185 0.173747 -0.277462 420.909961
29.705793 0.174022 -0.277021 420.909882
30.295840 0.174037 -0.276808 420.910000
30.844762 0.173959 -0.275376 420.909412
31.380905 0.173759 -0.273807 420.909961
31.920802 0.173987 -0.273797 420.909765
32.483079 0.174315 -0.274504 420.910000
33.032704 0.174182 -0.274681 420.910882
33.598607 0.174026 -0.275056 420.910882
34.146048 0.174004 -0.275540 420.908902
34.703920 0.173948 -0.275704 420.910000
35.261142 0.174104 -0.275416 420.909878
35.811914 0.174237 -0.275013 420.909882
36.354314 0.174037 -0.275013 420.909000
36.917427 0.173703 -0.274898 420.908882
37.472324 0.173937 -0.274341 420.908961
38.069080 0.173759 -0.273823 420.909000
38.590649 0.173391 -0.273727 420.909000
39.168496 0.173002 -0.274286 420.908961
39.741997 0.172734 -0.274562 420.907402
40.314264 0.172645 -0.274689 420.907961
40.873699 0.172679 -0.275080 420.907882
41.435129 0.172734 -0.275514 420.907961
41.964803 0.172668 -0.275723 420.907959
42.515149 0.172512 -0.275658 420.907608
43.065840 0.172241 -0.275403 420.907882
43.606390 0.172055 -0.275176 420.908000
44.176836 0.171720 -0.275335 420.904966
44.720951 0.171399 -0.275704 420.907882
45.296170 0.171310 -0.276433 420.908000
45.836111 0.171399 -0.276883 420.907608
46.357589 0.171376 -0.277566 420.907878
46.936934 0.171232 -0.277844 420.908000
47.487598 0.171087 -0.277956 420.907765
48.057687 0.171276 -0.278434 420.907886
48.607485 0.171490 -0.278862 420.907961
49.127747 0.171521 -0.278555 420.907412
49.667712 0.171566 -0.278159 420.907608
50.219799 0.171699 -0.278036 420.907961
50.802787 0.172060 -0.278004 420.906589
51.355237 0.172323 -0.277813 420.907959
51.881208 0.171955 -0.277806 420.908000
52.421079 0.171922 -0.277420 420.906961
52.990550 0.171909 -0.276963 420.906963
53.550004 0.171977 -0.277211 420.908000
54.091116 0.171989 -0.277364 420.908000
54.649857 0.172245 -0.276971 420.907961
55.180115 0.172323 -0.276635 420.908000
55.741755 0.172478 -0.276564 420.906765
56.281343 0.173059 -0.276539 420.906961
56.831296 0.173235 -0.276495 420.906882
57.400981 0.172901 -0.276347 420.907000
57.961937 0.172853 -0.276040 420.906882
58.511604 0.172768 -0.275359 420.907000
59.071741 0.172497 -0.274621 420.907890
59.611458 0.172472 -0.274520 420.907771
60.161252 0.172638 -0.275512 420.907886
60.690477 0.172950 -0.276625 420.907882
61.251732 0.173224 -0.277249 420.907236
61.805389 0.172955 -0.277103 420.908961
62.368642 0.173249 -0.277307 420.908961
62.919616 0.173558 -0.277700 420.908765
63.465085 0.173313 -0.278055 420.909000
64.055803 0.173223 -0.278612 420.909412
64.610108 0.173644 -0.279004 420.909608
65.179727 0.173903 -0.279015 420.910000
65.712701 0.173947 -0.279022 420.909177
66.284009 0.173703 -0.279050 420.908765
66.852957 0.173841 -0.279480 420.908882
67.419670 0.174093 -0.280061 420.908882
67.939849 0.174174 -0.280435 420.908886
68.499641 0.174128 -0.280368 420.908961
69.049073 0.174718 -0.280140 420.907957
69.577541 0.174827 -0.280157 420.907177
70.150256 0.174779 -0.280322 420.907878
70.723924 0.174894 -0.280397 420.906961
71.277438 0.174916 -0.280658 420.906959
71.848843 0.174927 -0.280065 420.906878
72.378451 0.174872 -0.280100 420.905959
72.946745 0.174794 -0.279627 420.905959
73.506141 0.173850 -0.274591 420.901173
74.065752 0.172947 -0.271712 420.899953
74.635010 0.172883 -0.276297 420.898882
75.210943 0.173908 -0.276405 420.899886
75.753903 0.173907 -0.277280 420.899963
76.334498 0.174816 -0.279581 420.899000
76.873904 0.175204 -0.283396 420.899963
77.423535 0.175158 -0.285337 420.898882
77.974430 0.175584 -0.288142 420.899000
78.526841 0.175891 -0.290127 420.898759
79.085159 0.176218 -0.289513 420.898402
79.646120 0.176074 -0.291251 420.900000
80.194479 0.175267 -0.291706 420.899965
80.748228 0.174382 -0.290744 420.899959
81.290854 0.174842 -0.288271 420.899963
81.827846 0.175174 -0.286568 420.898959
82.380907 0.174901 -0.282520 420.897870
82.931424 0.174985 -0.279857 420.897973
83.482027 0.173843 -0.276088 420.899771
84.030717 0.173543 -0.275627 420.899882
84.560237 0.172676 -0.275342 420.900189
85.119540 0.171888 -0.275647 420.901000
85.708556 0.171076 -0.275589 420.900886
86.267070 0.170471 -0.275243 420.901878
86.799815 0.169977 -0.275709 420.901890
87.353948 0.168788 -0.275992 420.902963
87.922891 0.168300 -0.275944 420.902878
88.481749 0.167234 -0.277008 420.902717
89.040704 0.166060 -0.277151 420.903967
89.604263 0.164753 -0.277532 420.903874
90.165736 0.163493 -0.277760 420.904878
90.724718 0.103792 -0.283702 420.903953
91.286871 -0.108358 -0.298468 420.905000
91.835178 -0.491814 -0.316471 420.903889
92.388967 -1.219465 -0.299568 420.901953
92.913615 -2.374182 -0.212469 420.897961
93.463445 -3.913370 -0.053916 420.896000
94.022978 -5.838077 0.149063 420.894863
94.572016 -7.849921 0.337631 420.892951
95.130447 -10.105387 0.513332 420.886903
95.689866 -12.763727 0.678023 420.880961
96.242238 -15.747348 0.807399 420.871742
96.811403 -19.330120 0.881747 420.859855
97.375157 -23.044192 0.864533 420.851000
97.934689 -27.062213 0.836558 420.837000
98.494122 -31.373048 0.831749 420.826895
99.067258 -35.598613 0.853587 420.814917
99.611559 -39.960530 0.840434 420.797541
100.180641 -45.008819 0.780644 420.777773
100.749501 -50.201282 0.736367 420.758733
101.307615 -55.946783 0.669580 420.743000
101.856389 -61.535377 0.617046 420.730000
102.409295 -67.690683 0.579569 420.710876
102.978900 -74.749779 0.562045 420.688434
103.529425 -81.688333 0.550997 420.666497
104.092123 -88.404430 0.537497 420.643852
104.640002 -95.451818 0.522581 420.616707
105.208781 -102.821294 0.514733 420.587000
105.764535 -110.503078 0.500072 420.562882
106.315004 -117.952219 0.481330 420.536647
106.884650 -124.585535 0.463721 420.513874
107.443666 -131.496149 0.442418 420.479043
108.023608 -137.607001 0.409876 420.467868
108.603082 -144.188098 0.332613 420.447750
109.151977 -150.530980 0.227828 420.429000
109.695249 -156.499292 0.120706 420.414860
110.263247 -162.149366 0.021332 420.388110
110.788305 -167.370126 -0.070836 420.350714
111.363398 -172.653924 -0.145498 420.294760
111.917858 -177.518829 -0.195523 420.244541
112.480481 -182.181126 -0.297706 420.177000
113.061003 -186.535389 -0.711977 420.115517
113.620086 -191.156583 -1.710244 420.033000
114.159565 -194.902584 -3.084034 420.017760
114.708649 -198.551010 -4.962225 419.971104
115.277968 -202.171777 -7.531849 419.929000
115.807098 -205.543099 -10.971877 419.915922
116.377592 -208.003653 -14.847512 419.974314
116.933061 -209.652186 -18.925984 420.007098
117.466087 -210.726810 -23.361161 420.036099
118.015652 -211.431014 -28.259945 420.071067
118.574286 -211.862598 -33.552702 420.093932
119.143659 -212.147091 -39.272636 420.130000
119.683087 -212.347892 -44.771882 420.145000
120.252120 -212.495270 -51.189501 420.179009
120.830889 -212.639745 -57.590543 420.199000
121.369752 -212.830219 -63.618793 420.224086
121.926605 -212.997705 -70.121425 420.257128
122.486989 -213.176509 -76.805911 420.283000
123.046802 -213.332415 -83.870297 420.318000
123.596509 -213.416834 -90.890228 420.339638
124.141572 -213.462910 -97.752764 420.365000
124.693594 -213.359277 -103.114404 420.377723
125.248525 -213.237788 -110.165021 420.404220
125.817177 -213.178212 -117.162018 420.451225
126.347614 -213.323814 -123.713443 420.474111
126.916588 -213.935391 -130.423287 420.504422
127.482446 -214.939808 -136.682821 420.519508
128.044755 -216.248163 -142.814935 420.569801
128.596806 -217.795633 -149.133185 420.621002
129.162188 -219.311072 -155.589421 420.656000
129.731174 -220.614139 -162.054615 420.721000
130.303818 -221.676412 -168.859295 420.766185
130.847538 -222.399460 -176.258244 420.814000
131.427004 -222.798638 -183.723913 420.857244
132.020566 -223.030519 -191.509350 420.898024
132.560923 -223.194738 -198.736262 420.922068
133.109899 -223.334299 -205.874573 420.936990
133.665973 -223.416758 -213.028644 420.940954
134.225095 -223.439446 -220.946107 420.963000
134.795986 -223.445410 -228.589088 420.987000
135.359171 -223.479011 -235.879995 421.021296
135.909803 -223.495386 -243.207329 421.098293
136.451927 -223.575410 -250.762249 421.134106
136.996672 -223.704259 -258.565324 421.144120
137.548149 -223.646393 -265.922760 421.165000
138.139250 -223.479479 -273.518748 421.185018
138.684622 -223.254150 -280.623290 421.204097
139.224851 -222.993627 -288.075035 421.227237
139.795478 -222.756061 -295.576241 421.253000
140.325052 -222.523370 -302.320251 421.267066
140.884753 -222.292335 -308.856546 421.274000
141.453963 -222.036078 -315.353295 421.269917
141.993495 -221.799442 -321.990846 421.296000
142.533936 -221.619881 -328.323977 421.325400
143.080260 -221.497961 -334.331900 421.357000
143.659817 -221.431061 -340.399437 421.388996
144.208412 -221.401765 -345.285485 421.405044
144.749038 -221.371869 -349.888416 421.425912
145.288864 -221.339632 -354.218487 421.430738
145.847554 -221.314458 -358.293685 421.431993
146.388751 -221.309316 -361.494150 421.439000
146.916650 -221.298384 -364.526094 421.449999
147.461920 -221.275976 -367.169352 421.469935
148.001486 -221.259306 -369.288477 421.483955
148.541727 -221.271884 -370.823577 421.484023
149.097742 -221.293133 -372.036229 421.491958
149.636534 -221.299782 -372.856024 421.497000
150.197319 -221.311690 -373.402834 421.497875
150.747006 -221.318017 -373.655280 421.500898
151.296118 -221.318047 -373.666735 421.497979
151.865652 -221.318511 -373.667280 421.500000
152.436584 -221.318352 -373.666197 421.500894
153.008617 -221.318556 -373.665198 421.502000
153.557875 -221.318684 -373.664635 421.502765
154.096651 -221.318593 -373.664259 421.503902
154.640165 -221.318630 -373.663965 421.504886
155.190726 -221.318622 -373.663873 421.505177
155.751355 -221.318572 -373.664138 421.507783
156.334488 -221.318355 -373.664352 421.508236
156.865465 -221.318055 -373.664897 421.509653
157.419301 -221.318259 -373.665015 421.511866
157.981218 -221.318467 -373.664948 421.510959
158.562160 -221.318088 -373.665230 421.508870
159.102022 -221.317954 -373.665284 421.509000
159.677112 -221.317966 -373.664804 421.510000
160.226947 -221.317886 -373.664507 421.509957
160.776139 -221.317736 -373.664363 421.509886
161.368916 -221.317590 -373.664593 421.507584
161.897830 -221.317776 -373.664933 421.507878
162.438674 -221.318099 -373.665015 421.508878
162.977695 -221.318457 -373.664718 421.509959
163.546101 -221.318455 -373.664363 421.511000
164.076714 -221.318222 -373.663888 421.510870
164.645912 -221.318700 -373.663144 421.510000
165.197416 -221.319335 -373.662319 421.511000
165.737787 -221.319602 -373.661863 421.510930
166.279356 -221.319569 -373.661654 421.511959
166.822402 -221.319362 -373.661378 421.510747
167.406472 -221.319569 -373.661131 421.503573
167.995866 -221.319756 -373.660946 421.508965
168.565374 -221.319494 -373.660802 421.509608
169.115773 -221.319335 -373.660697 421.508189
169.678891 -221.319296 -373.660706 421.507735
170.237600 -221.319281 -373.661033 421.507955
170.770624 -221.319435 -373.661123 421.507886
171.322168 -221.319591 -373.660812 421.510000
171.870826 -221.319951 -373.660409 421.510886
172.429513 -221.320265 -373.660096 421.511783
172.982399 -221.320125 -373.659910 421.511890
173.543231 -221.320017 -373.659948 421.510576
174.103054 -221.319992 -373.660102 421.509568
174.646113 -221.319969 -373.660342 421.508000
175.215512 -221.319998 -373.660453 421.506753
175.784200 -221.320170 -373.660505 421.508000
176.309282 -221.320415 -373.660438 421.510000
176.868735 -221.320515 -373.660119 421.511957
177.427711 -221.320062 -373.659326 421.511882
177.966940 -221.320893 -373.658739 421.510000
178.534897 -221.320726 -373.659276 421.507953
179.079576 -221.317646 -373.659898 421.507568
179.620920 -221.313638 -373.660128 421.505864
180.160804 -221.310964 -373.659430 421.508000
180.699049 -221.309913 -373.659487 421.508959
181.267448 -221.309775 -373.659652 421.509959
181.836517 -221.309988 -373.659698 421.510878
182.406067 -221.310363 -373.659785 421.510000
182.980645 -221.310689 -373.659804 421.507858
183.571824 -221.310979 -373.659600 421.506961
184.216901 -221.311405 -373.659258 421.504236
184.787386 -221.311834 -373.658794 421.504959
185.329503 -221.312155 -373.658518 421.505000
185.861230 -221.312393 -373.658719 421.503886
186.422063 -221.312658 -373.659126 421.503957
186.981600 -221.312929 -373.659960 421.503777
187.537045 -221.313155 -373.661238 421.504959
188.054967 -221.313324 -373.662679 421.504959
188.605478 -221.313435 -373.664532 421.504894
189.183190 -221.314020 -373.725102 421.503874
189.757303 -221.316420 -373.945783 421.506000
190.289562 -221.334067 -374.486454 421.510000
190.840144 -221.356539 -375.451775 421.515819
191.379501 -221.405252 -376.873685 421.521000
191.948815 -221.511449 -378.919995 421.536121
192.517238 -221.696145 -381.835185 421.547000
193.098006 -221.929309 -385.151234 421.561000
193.650784 -222.179718 -389.139458 421.581746
194.240612 -222.469995 -393.718577 421.590935
194.809674 -222.759574 -398.603496 421.613082
195.378186 -222.963431 -404.164736 421.661227
195.930947 -223.107394 -410.597116 421.686000
196.481506 -223.112316 -416.983097 421.721000
197.044214 -223.071659 -423.527633 421.758866
197.597570 -223.045916 -430.803315 421.775438
198.149680 -223.016786 -438.034006 421.796020
198.726078 -223.013256 -445.875680 421.799041
199.308053 -223.028640 -453.998350 421.835226
199.881347 -223.048429 -460.236343 421.866000
200.461558 -223.170412 -468.591867 421.904000
201.016836 -223.335626 -476.826291 421.945256
201.547880 -223.574194 -484.819104 421.981118
202.088085 -223.824884 -493.156835 422.010000
202.650758 -223.794722 -502.246907 422.032000
203.224699 -223.538634 -511.299129 422.074150
203.777550 -223.225559 -520.225201 422.094044
204.329005 -222.954474 -529.148850 422.124000
204.857474 -222.773138 -537.619743 422.170047
205.396322 -222.625609 -546.088660 422.202000
205.945016 -222.464967 -554.586085 422.237000
206.474533 -222.293840 -563.295763 422.254001
207.025605 -222.157774 -572.489894 422.267186
207.588000 -222.020825 -581.906338 422.290959
208.128710 -221.894285 -590.739400 422.328166
208.678152 -221.805565 -599.345860 422.368797
209.251045 -221.759276 -608.853891 422.419000
209.799837 -221.682480 -617.906251 422.471158
210.361489 -221.584762 -627.198426 422.499000
210.921671 -221.499275 -636.464573 422.518000
211.472574 -221.481761 -645.378698 422.550000
212.029137 -221.410872 -654.321253 422.585933
212.588935 -221.295103 -664.245265 422.619052
213.139878 -221.152031 -672.882737 422.637144
213.688282 -221.014927 -682.185347 422.688122
214.227931 -220.875523 -691.525174 422.713000
214.767577 -220.750559 -700.432192 422.773051
215.328312 -220.629186 -709.237632 422.814088
215.879435 -220.534542 -717.983388 422.859411
216.417859 -220.451512 -727.374397 422.911000
216.979547 -220.371456 -736.048259 422.940000
217.530032 -220.268628 -745.213210 422.946000
218.073463 -220.153756 -754.259116 423.001000
218.617503 -220.055585 -762.876307 423.048301
219.171528 -219.958391 -772.497734 423.077590
219.711704 -219.869285 -781.837335 423.117174
220.272541 -219.758033 -790.752973 423.155000
220.811034 -219.591811 -799.625668 423.199160
221.369582 -219.373677 -808.537917 423.248311
221.907910 -219.074200 -818.361044 423.297095
222.457448 -218.713070 -827.545138 423.343186
223.015729 -218.298474 -836.405820 423.373000
223.609145 -217.859814 -845.946648 423.419018
224.184598 -217.472928 -854.979505 423.456000
224.733649 -217.157458 -863.016443 423.509000
225.285713 -216.874276 -870.780629 423.541000
225.831592 -216.659999 -877.073925 423.556030
226.370200 -216.451448 -884.037083 423.596391
226.910056 -216.285229 -890.798551 423.639000
227.429950 -216.077479 -896.680137 423.651000
227.999673 -215.513892 -903.257706 423.668928
228.562950 -214.548320 -909.226287 423.655854
229.105348 -213.325544 -914.468741 423.655124
229.644030 -211.340835 -920.478096 423.696000
230.182325 -209.206496 -925.327524 423.733945
230.741040 -206.416412 -930.354697 423.781912
231.314311 -203.207576 -934.959257 423.823323
231.839314 -199.668360 -939.055530 423.887299
232.399160 -195.471362 -942.936520 423.984265
232.969037 -190.966217 -946.161402 424.101940
233.531214 -186.155055 -948.828422 424.155520
234.090127 -181.067002 -950.940854 424.241217
234.658009 -175.914425 -952.375127 424.307997
235.209689 -170.669372 -953.220264 424.331017
235.762061 -165.109126 -953.695109 424.332711
236.290323 -159.585902 -953.916825 424.361098
236.848877 -153.849514 -954.028286 424.379136
237.399942 -147.794627 -954.053664 424.393969
237.934006 -141.304727 -954.010512 424.428848
238.475107 -135.348376 -953.944520 424.452089
239.026069 -129.180083 -953.852078 424.485000
239.576882 -122.606379 -953.804960 424.503037
240.137089 -115.334550 -953.792386 424.511001
240.667234 -108.537359 -953.792678 424.546116
241.208574 -101.757509 -953.856333 424.566924
241.759349 -94.402982 -953.938768 424.582069
242.324054 -86.999865 -953.990376 424.614700
242.874677 -79.910929 -954.031331 424.630040
243.414438 -72.587532 -954.050446 424.668172
243.982493 -64.984928 -954.040997 424.701917
244.510669 -57.773703 -954.007148 424.718000
245.070655 -50.556209 -953.944977 424.748000
245.642889 -42.518770 -953.847963 424.781016
246.207366 -34.695446 -953.720219 424.805098
246.791003 -26.655739 -953.571471 424.835141
247.340041 -19.143329 -953.435635 424.866000
247.869714 -11.615714 -953.295113 424.896814
248.409950 -3.286026 -953.130551 424.929966
248.952857 4.039759 -952.977936 424.949014
249.512897 12.086938 -952.777494 424.980169
250.055590 19.731477 -952.571288 425.013000
250.584906 27.534132 -952.331081 425.031221
251.133221 35.428842 -952.097360 425.051026
251.718391 42.815293 -951.873603 425.077000
252.251781 50.898702 -951.654893 425.106703
252.803003 58.767588 -951.489581 425.128000
253.340977 66.463560 -951.361918 425.154209
253.904797 74.097123 -951.307161 425.186000
254.495518 82.319651 -951.300930 425.218156
255.077016 89.167877 -951.320810 425.242145
255.617730 95.416710 -951.322548 425.282000
256.186925 101.450533 -951.341988 425.289924
256.717062 106.612728 -951.373342 425.310000
257.288435 111.474379 -951.395372 425.333104
257.847668 115.686051 -951.409760 425.352017
258.381632 119.737963 -951.420395 425.366560
258.943530 123.260960 -951.421806 425.378163
259.487242 126.501830 -951.420383 425.395001
260.056904 129.152236 -951.423400 425.401000
260.605631 131.430706 -951.430624 425.405987
261.149504 133.166667 -951.431631 425.413777
261.717965 134.406929 -951.438707 425.414000
262.248411 135.187393 -951.439689 425.409558
262.799278 135.636542 -951.439242 425.411000
263.348488 135.825662 -951.439174 425.410890
263.937694 135.820998 -951.438399 425.408965
264.488037 135.820085 -951.438574 425.409000
265.056943 135.818527 -951.438487 425.409000
265.625123 135.817469 -951.438440 425.409000
266.166914 135.816667 -951.438425 425.408177
266.732268 135.816055 -951.438436 425.408771
267.262522 135.815733 -951.438524 425.408961
267.821220 135.815599 -951.438718 425.409000
268.390751 135.815735 -951.438850 425.408961
268.923410 135.816008 -951.438883 425.408616
269.473588 135.816405 -951.438330 425.408886
270.013130 135.816679 -951.437825 425.409000
270.555267 135.816801 -951.438135 425.408189
271.107327 135.816657 -951.438516 425.407959
271.666439 135.816379 -951.438737 425.408000
272.215783 135.816134 -951.438785 425.409000
272.764593 135.816204 -951.438440 425.408886
273.315610 135.816549 -951.437729 425.408882
273.872860 135.816488 -951.437422 425.408961
274.434307 135.816256 -951.437432 425.409422
274.954773 135.816200 -951.437605 425.409000
275.494659 135.815742 -951.438250 425.408963
276.053030 135.815154 -951.438868 425.409878
276.635480 135.815121 -951.438421 425.409000
277.186352 135.815243 -951.438467 425.409886
277.748770 135.815210 -951.439112 425.409392
278.298661 135.815143 -951.439265 425.408888
278.864611 135.814842 -951.439375 425.408153
279.414490 135.814575 -951.439309 425.408886
279.973424 135.814520 -951.439160 425.408874
280.532442 135.815114 -951.438998 425.407963
281.079530 135.815310 -951.439169 425.408000
281.642664 135.815128 -951.439547 425.407882
282.191307 135.814930 -951.440232 425.407957
282.731812 135.814765 -951.440290 425.406189
283.298843 135.814698 -951.439658 425.407422
283.847410 135.815123 -951.438927 425.407961
284.406510 135.816022 -951.438046 425.408000
284.947004 135.874850 -951.437584 425.406592
285.513649 136.075077 -951.437203 425.406189
286.068099 136.456182 -951.438866 425.406965
286.599947 137.112694 -951.440658 425.408000
287.158489 138.098348 -951.446480 425.409894
287.690013 139.516985 -951.452223 425.416000
288.256864 141.418467 -951.463841 425.427000
288.809159 143.607331 -951.475458 425.442023
289.369284 146.116041 -951.491001 425.457000
289.928435 149.036993 -951.515114 425.468575
290.459519 152.394468 -951.546536 425.475493
291.022036 156.505134 -951.586301 425.488011
291.575331 160.963494 -951.639928 425.512045
292.165681 165.976891 -951.702527 425.539099
292.723996 171.218322 -951.771209 425.566047
293.323488 177.118567 -951.889649 425.593063
293.863563 182.255433 -952.035233 425.631133
294.421912 188.812687 -952.245373 425.696000
294.981719 195.753789 -952.466301 425.748730
295.536674 202.570221 -952.685218 425.787075
296.106374 209.737073 -952.947899 425.830000
296.658709 217.141906 -953.274881 425.891115
297.227615 225.279280 -953.697224 425.956185
297.779570 233.157287 -954.169152 426.003000
298.318760 241.405816 -954.721400 426.071208
298.879353 249.603504 -955.321497 426.127082
299.441025 258.404366 -955.989157 426.193339
300.014300 267.305381 -956.707318 426.262489
300.587008 276.607963 -957.484495 426.331150
301.105860 284.990607 -958.195576 426.367158
301.675712 294.473996 -959.016747 426.434227
302.225712 302.998928 -959.758924 426.491000
302.766070 312.385322 -960.560158 426.549536
303.324620 320.903751 -961.258796 426.620627
303.923726 331.056185 -962.103807 426.700321
304.464599 339.545709 -962.855582 426.777645
305.005454 348.917047 -963.751129 426.847000
305.557707 357.207291 -964.585578 426.910536
306.106763 365.946137 -965.508933 426.982160
306.647144 374.537364 -966.470222 427.023281
307.181148 382.633966 -967.423071 427.094000
307.730651 390.811466 -968.432518 427.133156
308.285593 399.305737 -969.512808 427.192437
308.803725 407.180344 -970.553942 427.238108
309.335486 416.032262 -971.750411 427.296346
309.895419 424.198762 -972.898837 427.355325
310.444051 432.504261 -974.091274 427.417325
311.013810 440.844891 -975.312849 427.469244
311.572989 448.923733 -976.502439 427.543000
312.146062 457.555240 -977.785604 427.597316
312.695500 465.761871 -979.012190 427.655209
313.240243 474.030645 -980.240352 427.721000
313.809699 482.439041 -981.470696 427.775000
314.359540 489.433502 -982.494570 427.822100
314.900920 496.475183 -983.529611 427.866022
315.457601 504.882164 -984.748361 427.929201
316.008703 513.029107 -985.937255 427.989171
316.549613 520.718556 -987.051061 428.053396
317.123070 528.547326 -988.212178 428.102407
317.664506 536.261779 -989.440931 428.144566
318.236977 543.537909 -990.689112 428.199522
318.789937 550.944461 -992.043194 428.244087
319.363863 558.513894 -993.492898 428.304000
319.929582 566.033388 -995.031458 428.383000
320.479501 573.586653 -996.646555 428.432000
321.048827 581.363842 -998.350369 428.464165
321.617672 589.005256 -1000.067947 428.517175
322.168382 596.792696 -1001.874347 428.572000
322.730651 604.328303 -1003.738812 428.642661
323.284802 612.420172 -1005.873306 428.706601
323.870703 619.416367 -1007.820757 428.758523
324.409807 626.335930 -1009.820511 428.825160
324.950587 633.527252 -1011.945190 428.871396
325.519961 640.945333 -1014.169134 428.923065
326.079894 648.238998 -1016.364831 428.959119
326.610461 655.466539 -1018.489722 429.038000
327.159526 663.456041 -1020.755960 429.098323
327.720033 671.294258 -1022.898020 429.174000
328.259181 678.724060 -1024.830774 429.232000
328.819036 686.791997 -1026.857275 429.292257
329.410868 694.861065 -1028.937121 429.345928
329.943932 703.065220 -1031.085770 429.387213
330.483508 710.326035 -1033.014401 429.446471
331.055361 717.895749 -1035.041417 429.514971
331.607094 725.953688 -1037.205961 429.582000
332.180618 734.061771 -1039.372859 429.649072
332.731491 742.750994 -1041.713392 429.706118
333.281131 751.014057 -1043.929771 429.769371
333.816868 759.358503 -1046.157339 429.836198
334.366968 767.193766 -1048.233817 429.877000
334.930974 775.800267 -1050.497824 429.939793
335.502729 784.070773 -1052.644909 430.022000
336.032335 792.428943 -1054.838861 430.082000
336.581133 800.589623 -1056.952827 430.150895
337.130192 808.791877 -1059.105764 430.178092
337.698243 817.270718 -1061.304074 430.240000
338.320059 826.577566 -1063.714393 430.326279
338.864036 834.575822 -1065.805418 430.379206
339.437074 842.871102 -1068.006987 430.438941
339.998615 850.765824 -1070.109811 430.484181
340.562292 859.015567 -1072.311987 430.549158
341.121867 867.181125 -1074.486567 430.598042
341.681206 875.187142 -1076.599366 430.651034
342.233491 883.383061 -1078.758615 430.709052
342.767708 890.978573 -1080.685319 430.737807
343.344354 899.001166 -1082.488762 430.795191
343.892901 906.408510 -1083.936354 430.895000
344.462377 914.403963 -1085.293543 430.975399
345.053104 921.492647 -1086.431651 431.019180
345.585469 928.553503 -1087.638278 431.057500
346.135437 935.594953 -1089.023429 431.074000
346.685059 942.476588 -1090.557737 431.077053
347.226537 949.121909 -1092.125871 431.126173
347.775670 955.540210 -1093.679652 431.178298
348.326351 962.175658 -1095.350596 431.208231
348.856930 968.414374 -1096.947610 431.269000
349.457197 974.591569 -1098.453858 431.330129
349.996098 980.424284 -1099.609494 431.382160
350.546890 985.424452 -1100.187505 431.408872
351.112718 990.212613 -1100.211145 431.460859
351.665894 994.335453 -1099.586380 431.482146
352.186676 997.839427 -1098.307113 431.521183
352.756689 1000.988264 -1096.257386 431.590269
353.306405 1003.559897 -1093.645123 431.663173
353.867661 1005.700984 -1090.511349 431.723071
354.427603 1007.335210 -1086.955901 431.771055
354.986794 1008.398791 -1083.010887 431.797071
355.507315 1008.959260 -1078.824138 431.828150
356.093964 1009.175127 -1074.438548 431.863865
356.667718 1009.230248 -1070.034751 431.903963
357.208921 1009.260446 -1065.928167 431.901874
357.789092 1009.278363 -1062.221316 431.935906
358.354231 1009.319355 -1057.127572 431.951246
358.926136 1009.386032 -1051.231261 431.991316
359.493608 1009.459235 -1045.054345 432.053040
360.046162 1009.523739 -1038.784008 432.101027
360.630092 1009.590357 -1032.434580 432.176582
361.172713 1009.672238 -1025.944374 432.271000
361.721944 1009.752186 -1019.015513 432.389310
362.281331 1009.831982 -1011.959127 432.525000
362.841434 1009.923736 -1004.700862 432.712000
363.380960 1009.991267 -997.027288 432.906000
363.944206 1009.950453 -989.594257 433.096044
364.519189 1009.802799 -981.723533 433.295000
365.089207 1009.554544 -974.066137 433.491259
365.627723 1009.257978 -966.390029 433.686738
366.207438 1008.963284 -958.877061 433.881534
366.768058 1008.675585 -951.188558 434.067000
367.287049 1008.400821 -943.286686 434.255574
367.856830 1008.035426 -935.031645 434.464326
368.426222 1007.568795 -927.340869 434.650622
368.978584 1007.047975 -919.196699 434.846512
369.548682 1006.521288 -910.997768 434.970967
370.092239 1005.985099 -902.714185 435.072045
370.667648 1005.435238 -894.532211 435.135074
371.227989 1004.856125 -886.201385 435.141043
371.776710 1004.274039 -877.938892 435.113645
372.345910 1003.709766 -869.306400 435.011000
372.895647 1003.217054 -861.089038 434.901604
373.458537 1002.775480 -853.156017 434.783140
374.000025 1002.359106 -845.239357 434.659534
374.558735 1001.935117 -837.458126 434.529618
375.107836 1001.539633 -830.157142 434.407000
375.677412 1001.097994 -822.403655 434.270000
376.249109 1000.642543 -814.525914 434.132984
376.822809 1000.160850 -806.673458 434.007000
377.365455 999.647023 -799.019880 433.883000
377.965100 999.095887 -791.208256 433.753000
378.523698 998.474097 -783.224422 433.619123
379.056880 997.848131 -775.670056 433.501000
379.597341 997.204159 -768.322689 433.385000
380.180275 996.437935 -760.081676 433.239000
380.723489 995.696742 -752.140884 433.111544
381.282784 995.142111 -744.813462 432.972131
381.839093 994.549095 -737.438498 432.837000
382.407889 993.711315 -729.357714 432.699468
382.962815 993.042490 -721.723946 432.573114
383.522201 992.561459 -714.265321 432.447702
384.062316 992.209661 -707.566110 432.349087
384.635862 991.873153 -700.310683 432.234237
385.209620 991.533079 -692.649550 432.128067
385.819526 991.203125 -685.240106 432.007081
386.362198 990.847597 -677.382547 431.888524
386.925610 990.491027 -670.024952 431.718151
387.491305 990.101028 -662.444729 431.578000
388.051889 989.680116 -654.337607 431.438000
388.625311 989.205762 -645.771591 431.280058
389.184711 988.751263 -637.902782 431.165195
389.746852 988.296030 -630.312162 431.054550
390.290201 987.805227 -622.498488 430.939108
390.838718 987.288075 -614.328703 430.785862
391.398856 986.787449 -605.951333 430.623812
391.939053 986.311736 -597.261566 430.487000
392.498132 985.881335 -588.884346 430.348561
393.048172 985.513235 -581.356152 430.218000
393.577465 985.078719 -572.267826 430.065985
394.127532 984.720501 -564.481037 429.952538
394.667889 984.299170 -556.423581 429.833542
395.228905 983.795618 -547.829994 429.680488
395.788284 983.245329 -539.449754 429.541000
396.357519 982.680925 -531.205883 429.411474
396.896178 982.163823 -523.539303 429.281496
397.466439 981.616701 -515.052977 429.147882
398.025500 981.058110 -506.349958 429.016413
398.579194 980.557288 -498.045889 428.930813
399.150512 980.105893 -489.937476 428.864633
399.694356 979.694770 -482.122715 428.792899
400.212736 979.298454 -474.466354 428.733000
400.801706 978.857640 -466.025663 428.670927
401.351230 978.475944 -458.170334 428.624867
401.920091 978.065092 -449.824463 428.557172
402.482717 977.633797 -441.755331 428.521970
403.045620 977.176371 -433.920547 428.485914
403.609535 976.756630 -426.599370 428.464416
404.142290 976.314137 -418.773828 428.418839
404.705279 975.953927 -411.776066 428.410000
405.245557 975.609670 -404.727678 428.407779
405.805229 975.237283 -397.098348 428.371767
406.334353 974.857648 -389.265905 428.300278
406.883017 974.494660 -381.811401 428.257589
407.437258 974.095611 -373.612804 428.207054
407.991819 973.743083 -365.948571 428.155000
408.552673 973.385096 -358.443757 428.123000
409.093305 972.976554 -350.297496 428.083000
409.639823 972.525903 -341.652032 428.068935
410.199658 972.086677 -333.198226 428.069522
410.744599 971.597477 -324.497984 427.996359
411.306773 971.111704 -315.866752 427.940240
411.846485 970.626495 -307.068892 427.908825
412.394066 970.198096 -298.501534 427.862000
412.967690 969.710676 -288.635270 427.794502
413.530768 969.197609 -278.851980 427.757849
414.070116 968.686398 -269.523224 427.709000
414.621799 968.127963 -259.573295 427.662152
415.172739 967.630646 -251.056411 427.623511
415.732082 967.029552 -241.404581 427.555428
416.250896 966.480262 -232.233373 427.488273
416.779441 965.938219 -222.858787 427.419000
417.340990 965.332109 -212.391286 427.319170
417.905936 964.751656 -202.546815 427.204000
418.455191 964.196197 -193.449518 427.092196
419.002405 963.647611 -184.330634 426.980098
419.532351 963.118428 -175.451610 426.876000
420.082823 962.485757 -164.837094 426.742111
420.609180 961.917027 -155.195718 426.627000
421.178132 961.307469 -145.162389 426.486000
421.718277 960.723883 -135.651657 426.356631
422.280521 960.089968 -125.266061 426.240686
422.831930 959.460628 -115.092621 426.111191
423.393314 958.894051 -106.037007 425.995154
423.940348 958.222924 -96.208540 425.870466
424.484543 957.539456 -87.794456 425.742477
425.053736 956.708682 -79.390712 425.617544
425.609037 955.670244 -70.610973 425.488000
426.159301 954.666359 -62.988766 425.392314
426.710732 953.689815 -55.426680 425.287244
427.239798 952.982437 -48.610091 425.169753
427.770234 952.422287 -41.968613 425.082635
428.334679 951.879019 -35.366564 424.975000
428.893976 951.376580 -29.494829 424.869617
429.455417 950.868535 -23.553483 424.753664
430.029753 950.274527 -18.626834 424.650343
430.570450 949.163587 -13.596112 424.536974
431.130032 947.295597 -8.966787 424.409920
431.649813 944.644955 -4.901632 424.314000
432.208559 941.147660 -1.297262 424.200238
432.757691 936.788247 1.693273 424.103570
433.297975 932.080212 3.760235 423.969843
433.838560 927.018504 5.121903 423.868000
434.380690 921.418500 6.057821 423.756191
434.915660 916.178798 6.539054 423.648108
435.464915 910.427111 6.735509 423.530091
436.004150 904.721619 6.794712 423.415563
436.575567 898.722593 6.761062 423.283000
437.126574 892.346367 6.675610 423.142341
437.661603 887.290170 6.642777 423.031532
438.207968 881.638656 6.639329 422.923005
438.758451 875.294071 6.634204 422.791000
439.306859 868.504435 6.626467 422.654545
439.839496 861.673952 6.621966 422.512555
440.382041 855.233472 6.620585 422.379341
440.941253 848.512680 6.587060 422.234974
441.480254 840.878956 6.526711 422.075915
442.030660 833.735059 6.442179 421.927570
442.592547 826.217424 6.327209 421.772796
443.145624 818.919485 6.234789 421.613374
443.696198 810.345641 6.135018 421.416985
444.230178 803.036167 6.050822 421.265403
444.768704 795.302719 5.974356 421.092335
445.310362 787.498282 5.898446 420.934329
445.892994 778.883751 5.806642 420.748000
446.455521 770.270277 5.704373 420.577822
446.988895 762.388889 5.604275 420.422000
447.552114 753.462857 5.475416 420.244766
448.101831 745.575360 5.355737 420.073000
448.651488 737.417381 5.213806 419.897714
449.203989 729.165408 5.052048 419.725000
449.753742 720.741471 4.877872 419.542365
450.325145 711.666649 4.669247 419.336799
450.863696 702.961347 4.460144 419.148228
451.417349 694.247524 4.229304 418.978716
451.968608 684.996339 3.962881 418.824000
452.538453 675.871902 3.690918 418.712539
453.090933 667.031683 3.510956 418.665038
453.629984 657.484909 3.349890 418.622692
454.193127 648.292131 3.263814 418.621664
454.763449 639.506229 3.217840 418.605948
455.322723 630.702223 3.213017 418.644030
455.905284 621.974316 3.265835 418.636394
456.449165 614.267723 3.306264 418.637079
456.990218 606.310719 3.358910 418.636033
457.540468 598.170242 3.423358 418.584000
458.081713 589.937194 3.494044 418.585106
458.631118 580.811747 3.547377 418.588924
459.186986 571.926049 3.600908 418.607138
459.747979 562.797280 3.639037 418.608188
460.287351 553.864201 3.666835 418.652094
460.838438 545.110519 3.684779 418.707525
461.443252 535.788048 3.688831 418.780524
461.981613 527.390520 3.760220 418.834158
462.571658 518.188118 3.886566 418.885103
463.119776 509.474350 4.021694 418.966257
463.648828 500.440601 4.164871 419.033106
464.211026 491.716803 4.296386 419.086114
464.744697 483.438523 4.422853 419.141349
465.311532 475.247546 4.549602 419.199381
465.865632 467.076696 4.673650 419.261644
466.420617 458.397160 4.807692 419.340060
466.983204 450.034880 4.929081 419.383000
467.542140 441.369778 5.050329 419.444285
468.082660 433.390334 5.160426 419.503000
468.655288 424.482018 5.277827 419.565549
469.185147 416.462887 5.372931 419.627527
469.754301 408.434775 5.468165 419.692211
470.312567 400.221021 5.557781 419.738229
470.850856 392.140185 5.629552 419.793000
471.420290 383.786468 5.685535 419.849226
471.950445 375.363949 5.714833 419.914046
472.499484 367.660116 5.728728 419.954000
473.069156 359.512577 5.701417 420.012136
473.619015 350.966676 5.634470 420.070938
474.180855 342.571703 5.532841 420.143203
474.720620 334.428886 5.402477 420.209404
475.271286 326.379968 5.247882 420.258986
475.857182 318.069099 5.046441 420.308273
476.407382 310.069455 4.826536 420.358000
476.956629 302.121420 4.575049 420.413352
477.531795 293.614846 4.284638 420.479187
478.041219 285.466086 3.980055 420.538215
478.610332 277.271202 3.654549 420.595189
479.159909 269.516832 3.336365 420.634173
479.694596 261.898828 3.009006 420.682000
480.258272 254.248818 2.679780 420.738150
480.808311 246.753255 2.367261 420.785000
481.370390 240.133186 2.095703 420.828184
481.950614 233.096629 1.841142 420.864156
482.503196 226.086630 1.663317 420.905084
483.052701 219.257109 1.607216 420.955120
483.602501 212.331948 1.634960 421.012105
484.130492 205.344493 1.688878 421.066216
484.706607 198.014527 1.718891 421.120264
485.255901 191.585480 1.715498 421.176292
485.815975 184.441979 1.678164 421.248224
486.368121 177.214832 1.620579 421.310913
486.954141 170.479919 1.547530 421.373375
487.504421 163.407076 1.459777 421.423042
488.065619 156.135580 1.372386 421.470423
488.615393 148.832638 1.310506 421.451962
489.175608 141.555858 1.321358 421.438928
489.734528 134.119912 1.391191 421.403916
490.264693 126.133074 1.478983 421.361243
490.804446 118.579068 1.594310 421.316743
491.357012 110.416873 1.746301 421.279863
491.950394 102.554893 1.914983 421.244879
492.491181 94.154749 2.125153 421.216000
493.050846 86.153040 2.329108 421.205229
493.611663 77.401186 2.565567 421.176780
494.150998 68.301607 2.831421 421.153891
494.705164 59.937759 3.082785 421.137748
495.266302 51.173782 3.347167 421.107000
495.805517 43.163687 3.582552 421.085601
496.374093 34.317629 3.786701 421.061949
496.922437 26.097774 3.895842 421.041907
497.491009 17.368912 3.933711 421.024881
498.040479 8.621771 3.902160 420.986837
498.610199 -0.094799 3.821421 420.956000
499.183613 -8.972818 3.725522 420.929605
499.772327 -17.773244 3.649235 420.899877
500.311406 -26.291761 3.641236 420.873757
500.868594 -34.833466 3.666546 420.855887
501.429341 -43.616560 3.728533 420.827466
501.976780 -51.924772 3.795111 420.799281
502.545914 -60.982448 3.836013 420.779627
503.114677 -69.663076 3.837565 420.753697
503.663514 -78.079725 3.808743 420.729741
504.265570 -87.300111 3.742511 420.695897
504.824692 -95.943255 3.646144 420.663907
505.404631 -105.053105 3.537114 420.620000
505.963310 -113.670257 3.430310 420.594000
506.511895 -121.642726 3.337585 420.559000
507.071944 -129.741941 3.261658 420.534704
507.672035 -137.837763 3.227856 420.515000
508.221291 -145.583883 3.217913 420.494751
508.800480 -153.391508 3.227524 420.470944
509.360168 -160.316720 3.195328 420.451000
509.919114 -166.961080 3.134799 420.415860
510.468120 -173.175601 3.027669 420.353000
511.041100 -178.962710 2.785726 420.292922
511.601432 -184.370655 2.318561 420.215191
512.158656 -189.094389 1.555085 420.131000
512.689183 -193.153310 0.444785 420.076915
513.241632 -197.309382 -1.221040 420.036872
513.805251 -200.920571 -3.396143 419.992000
514.365996 -204.222806 -6.181318 419.952000
514.916435 -207.194230 -9.789936 419.957940
515.475562 -209.413941 -13.553719 420.006078
516.048420 -211.055005 -18.047310 420.034000
516.601969 -211.932077 -22.751690 420.058995
517.142470 -212.209579 -27.828425 420.095000
517.711795 -212.342349 -33.131634 420.113834
518.291209 -212.387529 -39.180212 420.152041
518.883615 -212.433656 -45.562539 420.169145
519.486802 -212.462549 -50.194874 420.192467
519.997746 -212.538600 -56.266303 420.199095
520.549679 -212.674487 -62.828919 420.236043
521.112620 -212.838898 -69.231781 420.267080
521.672782 -213.056416 -76.010456 420.296012
522.221340 -213.297943 -83.152434 420.328180
522.770732 -213.411888 -90.035314 420.354093
523.341626 -213.488541 -97.236514 420.378213
523.883662 -213.416661 -104.413374 420.410000
524.443352 -213.242315 -111.985921 420.430000
524.992107 -213.042061 -119.205483 420.472495
525.554784 -212.809320 -126.745925 420.464000
526.098423 -212.568482 -134.382168 420.499362
526.657032 -212.256916 -141.525038 420.534847
527.222432 -211.891673 -149.562758 420.576111
527.774827 -211.552443 -156.468988 420.623654
528.337497 -211.202510 -164.201104 420.642779
528.898470 -210.941846 -171.935173 420.657732
529.431854 -210.729755 -179.963990 420.666000
530.000736 -210.596117 -187.172978 420.695918
530.539066 -210.474433 -194.154723 420.720667
531.090713 -210.419817 -201.084484 420.754064
531.660032 -210.496645 -208.510599 420.787086
532.228561 -210.960243 -216.199463 420.767320
532.787056 -211.679821 -223.206080 420.780868
533.346840 -212.390987 -230.524228 420.813659
533.886169 -212.799363 -236.929283 420.895178
534.460571 -212.803549 -243.501720 420.890213
535.000330 -212.659207 -250.521399 420.896037
535.553155 -212.473891 -256.986104 420.918330
536.103047 -212.324827 -263.352209 420.924908
536.674717 -212.298911 -270.088594 420.950149
537.233374 -212.616807 -277.444528 420.932394
537.762103 -212.642584 -284.497673 420.997731
538.311237 -212.552582 -291.767208 421.023441
538.850614 -212.456206 -298.710141 421.064000
539.391297 -212.425608 -305.473832 421.118387
539.950366 -212.460078 -312.606503 421.129000
540.519592 -212.557774 -319.724341 421.162089
541.068031 -212.606880 -326.055888 421.205000
541.617204 -212.534740 -332.467159 421.222000
542.177694 -212.428801 -338.574738 421.241000
542.728919 -212.284057 -344.983082 421.276564
543.290825 -212.125858 -350.876739 421.283511
543.842847 -211.874094 -356.340209 421.336934
544.401585 -211.398712 -361.748204 421.354000
544.960056 -210.697767 -366.399104 421.364614
545.518528 -209.546480 -370.905875 421.402000
546.089682 -207.899444 -374.981684 421.456695
546.648107 -205.864748 -378.706776 421.512215
547.187407 -203.306519 -382.224429 421.557734
547.716673 -200.148233 -385.587544 421.627496
548.276798 -196.529299 -388.508633 421.716000
548.838088 -192.327052 -391.217927 421.869301
549.409505 -187.553185 -393.442693 422.047882
549.944569 -182.384726 -395.049553 422.228456
550.503167 -177.190071 -396.002856 422.380340
551.053902 -171.693545 -396.684733 422.531613
551.651925 -165.523426 -397.270547 422.666558
552.212280 -159.658864 -397.705471 422.763125
552.746336 -153.827589 -398.077964 422.853283
553.294362 -147.299679 -398.347307 422.953566
553.854828 -140.728940 -398.475702 423.070000
554.404173 -134.316068 -398.526610 423.184000
554.974293 -127.735482 -398.543115 423.290000
555.524076 -120.589655 -398.550080 423.397650
556.092951 -112.747075 -398.547836 423.519307
556.631330 -105.573652 -398.560910 423.621000
557.193194 -97.954923 -398.612068 423.737359
557.773167 -89.291432 -398.646741 423.877119
558.327953 -81.229150 -398.682300 423.989625
558.897017 -73.056226 -398.775752 424.124331
559.475677 -64.954571 -398.892208 424.228000
560.055082 -55.981656 -399.022511 424.358323
560.586591 -47.611232 -399.049243 424.493297
561.155553 -39.673466 -399.034239 424.597603
561.725830 -31.133152 -399.009182 424.701375
562.275183 -23.275303 -399.001100 424.827000
562.814854 -15.396696 -398.961701 424.944424
563.366228 -6.833335 -398.872192 425.061287
563.907102 1.659362 -398.735381 425.190000
564.473520 9.938632 -398.569135 425.329000
565.055298 18.611772 -398.391386 425.469000
565.616157 26.833803 -398.252622 425.584724
566.185481 35.179558 -398.148582 425.700583
566.735379 43.002464 -398.123761 425.826000
567.314668 51.703599 -398.157927 425.943646
567.852850 59.260711 -398.181706 426.052000
568.394536 67.035687 -398.167591 426.158000
568.974616 74.977976 -398.155805 426.254404
569.538476 82.553326 -398.126136 426.356368
570.096978 90.591796 -398.094124 426.490735
570.666180 98.476540 -398.057346 426.599227
571.215160 106.704261 -398.039276 426.715852
571.774460 114.587712 -398.038285 426.828319
572.344131 122.701679 -398.041133 426.966349
572.914212 130.493727 -398.056591 427.103177
573.461686 137.751384 -398.065996 427.213890
574.019483 144.828316 -398.105668 427.325000
574.579220 152.570601 -398.178436 427.467000
575.133317 160.377067 -398.245310 427.565953
575.684288 168.071042 -398.308458 427.646492
576.225683 176.287410 -398.363594 427.745291
576.758466 183.629168 -398.413432 427.850754
577.308965 191.439993 -398.445626 427.963000
577.850127 199.869318 -398.459488 428.074341
578.380058 208.018578 -398.460745 428.186277
578.978740 217.403011 -398.446580 428.314269
579.531620 225.782800 -398.418066 428.429372
580.065461 234.405041 -398.383672 428.548311
580.616056 242.377901 -398.337053 428.651749
581.171600 250.570463 -398.300904 428.794000
581.722578 259.241067 -398.288697 428.931814
582.291710 268.479846 -398.323550 429.054623
582.860835 277.578746 -398.398779 429.187000
583.420511 285.792350 -398.475868 429.320732
583.990214 295.000363 -398.557945 429.434000
584.564101 304.303972 -398.647200 429.551148
585.094921 312.877556 -398.716700 429.597000
585.626711 321.567262 -398.772378 429.623947
586.205632 331.002680 -398.813951 429.599467
586.763793 340.210998 -398.842658 429.527738
587.324602 349.345884 -398.855682 429.424169
587.854517 358.375762 -398.863645 429.311105
588.415464 366.860574 -398.875001 429.186588
588.965978 375.047349 -398.879201 429.093000
589.534792 384.515888 -398.903851 428.946830
590.085398 393.326488 -398.921562 428.826121
590.649676 402.507761 -398.911732 428.702093
591.179002 411.021043 -398.854463 428.591000
591.747490 419.630433 -398.755101 428.499535
592.296617 428.140892 -398.611863 428.358000
592.846899 436.693336 -398.432517 428.242434
593.379232 445.058003 -398.215415 428.135600
593.939198 453.848941 -397.949333 428.022092
594.491443 461.917349 -397.692942 427.912639
595.067915 470.027550 -397.450818 427.795601
595.628416 478.373810 -397.235994 427.678400
596.187787 486.121640 -397.052110 427.568956
596.786710 494.221353 -396.882227 427.450929
597.335430 501.678847 -396.757997 427.352326
597.901601 509.202712 -396.663398 427.245641
598.434695 516.985374 -396.609213 427.151246
598.958868 523.968443 -396.561241 427.062218
599.528023 531.034333 -396.506949 426.973000
600.078019 538.130126 -396.475933 426.866000
600.631565 544.864563 -396.402897 426.768000
601.185231 549.759635 -396.341809 426.705701
601.713856 555.372616 -396.259362 426.627443
602.273736 561.152533 -396.183625 426.564000
602.831912 566.238351 -396.129257 426.473469
603.405426 570.973209 -396.084272 426.425694
603.984905 575.598847 -396.064267 426.356740
604.544285 579.541072 -396.042998 426.311000
605.103029 582.781209 -396.033108 426.273826
605.645823 585.312732 -396.029174 426.247683
606.245227 587.468188 -396.027824 426.228000
606.794631 589.080290 -396.028008 426.213863
607.327005 590.247681 -396.029708 426.206811
607.916409 590.993665 -396.031285 426.200000
608.466242 591.379172 -396.031787 426.193949
609.026582 591.600635 -396.031330 426.192000
609.574584 591.671875 -396.031224 426.191771
610.117491 591.709335 -396.031156 426.186924
610.659576 591.936599 -396.032419 426.179750
611.217135 592.513281 -396.030507 426.182758
611.786268 593.497972 -396.036779 426.172669
612.335949 595.072496 -396.039788 426.156901
612.899574 596.959270 -396.053038 426.140881
613.428067 599.254022 -396.056421 426.114836
613.998546 602.080398 -396.063825 426.089000
614.570235 605.042849 -396.086716 426.063491
615.120901 608.693376 -396.153656 426.033497
615.656299 612.558986 -396.273727 426.032832
616.208045 616.846316 -396.460678 426.017895
616.766721 621.472543 -396.687095 426.001780
617.307910 626.456859 -396.849106 425.981034
617.870833 631.750826 -396.963085 425.970000
618.420636 637.659953 -397.046793 425.967047
619.008544 643.383707 -397.109034 425.988000
619.539633 649.586811 -397.187470 426.033000
620.087952 655.770882 -397.310459 426.064051
620.668754 662.604550 -397.441213 426.099191
621.237582 669.440305 -397.550859 426.151153
621.806791 676.739333 -397.666301 426.204115
622.335675 684.094231 -397.766313 426.255400
622.886075 691.457313 -397.863993 426.305000
623.456860 699.167185 -397.984610 426.354380
624.023836 706.576459 -398.090378 426.420161
624.574540 714.506139 -398.181926 426.477240
625.107483 721.791309 -398.218811 426.537000
625.666013 729.476350 -398.217138 426.584000
626.236953 736.932060 -398.220445 426.637177
626.796609 745.065173 -398.258499 426.703193
627.355985 752.920029 -398.283700 426.763643
627.904575 760.678565 -398.321766 426.821333
628.454769 768.951906 -398.382234 426.870000
628.983852 776.427657 -398.409532 426.907639
629.542914 784.990317 -398.444286 426.973136
630.108469 793.967054 -398.461032 427.050346
630.646813 802.134101 -398.463342 427.096000
631.202342 811.092563 -398.418955 427.145144
631.751144 820.450910 -398.401428 427.212257
632.310329 828.696126 -398.392494 427.274126
632.883008 837.168852 -398.315745 427.334545
633.401475 845.325004 -398.254100 427.405098
633.960547 853.098003 -398.231391 427.471317
634.505449 860.712953 -398.159523 427.519180
635.065265 869.343528 -398.088383 427.574078
635.614587 876.624957 -398.055000 427.628336
636.194384 883.726485 -398.034358 427.665000
636.733080 890.619333 -398.049056 427.720000
637.303101 897.960028 -398.049454 427.771165
637.844716 904.461314 -398.015804 427.814201
638.394434 910.165664 -397.985243 427.858000
638.952881 915.821736 -397.940110 427.882713
639.512157 921.257932 -397.900843 427.957010
640.069988 926.538320 -397.882199 427.971351
640.616927 931.488319 -397.881753 428.011000
641.175278 936.016785 -397.891679 428.045119
641.739743 940.261487 -397.906211 428.084131
642.292239 943.840192 -397.914076 428.112073
642.853332 946.974281 -397.924447 428.137006
643.424306 949.698364 -397.950600 428.157000
643.976883 951.979803 -397.986332 428.174935
644.549737 953.877980 -398.023781 428.197000
645.120483 955.157750 -398.054649 428.198005
645.656480 955.809230 -398.071547 428.203000
646.235509 955.977837 -398.077114 428.201951
646.795435 955.965179 -398.076921 428.197771
647.347501 955.962622 -398.075578 428.196959
647.891015 955.961155 -398.075388 428.196878
648.461673 955.959923 -398.075802 428.196000
649.019206 955.959274 -398.075764 428.195878
649.564243 955.958527 -398.075889 428.194573
650.103680 955.958073 -398.075889 428.195959
650.667490 955.957626 -398.075758 428.195882
651.226067 955.957485 -398.075908 428.196000
651.764450 955.957432 -398.076040 428.195959
652.341126 955.957555 -398.076282 428.193902
652.880007 955.957764 -398.076551 428.194961
653.447953 955.957853 -398.076512 428.194765
654.007195 955.957786 -398.076225 428.195000
654.566116 955.957741 -398.075584 428.191433
655.096924 955.958022 -398.075612 428.194961
655.671946 955.958781 -398.076012 428.194882
656.227505 955.958665 -398.077530 428.192525
656.777686 955.957953 -398.079602 428.192000
657.346533 955.957140 -398.080725 428.192000
657.899164 955.956697 -398.081234 428.191412
658.459651 955.956732 -398.081139 428.191886
659.020540 955.957018 -398.081272 428.191963
659.580023 955.957241 -398.081403 428.192886
660.137576 955.957356 -398.081195 428.192882
660.686544 955.957575 -398.080888 428.192886
661.237621 955.957741 -398.080725 428.194000
661.777638 955.957719 -398.080399 428.193765
662.329257 955.957673 -398.079900 428.186552
662.881823 955.957519 -398.078336 428.195000
663.443211 955.958183 -398.078904 428.194882
663.983412 955.959390 -398.078827 428.195951
664.536627 956.035866 -398.081346 428.195000
665.086219 956.262134 -398.087623 428.197000
665.646035 956.678402 -398.098696 428.200979
666.226354 957.518353 -398.126634 428.207000
666.755689 958.700959 -398.175330 428.217027
667.325992 960.334544 -398.250994 428.234752
667.856363 962.247760 -398.380635 428.255000
668.419314 964.500922 -398.677017 428.280000
668.966891 966.807191 -399.220665 428.303059
669.507338 969.311898 -400.195249 428.332051
670.053506 971.766095 -401.619141 428.358083
670.610866 974.165650 -403.576007 428.395000
671.162871 976.420878 -406.143841 428.424063
671.706743 978.370375 -409.188008 428.449075
672.248531 979.968500 -412.625371 428.477135
672.791142 981.224240 -416.218474 428.491029
673.342406 982.200663 -420.432018 428.503000
673.894247 982.738038 -424.795919 428.507000
674.432779 983.010671 -429.402274 428.515940
674.971036 983.219789 -434.648107 428.527027
675.516670 983.471847 -439.921757 428.550000
676.070482 983.776928 -445.445298 428.570064
676.664917 984.111032 -450.862929 428.605191
677.215078 984.526392 -456.729849 428.656000
677.793902 984.900273 -462.332218 428.678000
678.352994 985.258525 -468.425851 428.712203
678.872093 985.574672 -474.769971 428.762000
679.421458 985.858326 -480.820099 428.812486
679.970289 986.177373 -487.776850 428.875679
680.543005 986.471816 -494.712940 428.942375
681.094650 986.760569 -501.464401 429.012243
681.637739 987.087136 -508.328157 429.108659
682.209615 987.454138 -515.687572 429.211248
682.767070 987.763690 -522.217767 429.327000
683.319665 988.045018 -528.193388 429.422371
683.859391 988.388164 -535.303778 429.541365
684.409697 988.763045 -542.819869 429.653159
684.981565 989.148304 -550.153737 429.768000
685.530680 989.523729 -557.187532 429.887335
686.073520 989.989541 -564.749934 430.005357
686.643697 990.447525 -571.746605 430.113214
687.183023 990.929216 -578.888031 430.223055
687.755358 991.366859 -585.914096 430.343325
688.287282 991.756317 -592.373698 430.447495
688.861439 992.133840 -599.288531 430.562307
689.414489 992.469455 -605.654167 430.671279
689.967942 992.807073 -612.455896 430.794000
690.517664 993.096914 -618.866802 430.920667
691.077489 993.403513 -625.191586 431.028826
691.636248 993.736672 -631.169990 431.126377
692.159795 994.101023 -637.192105 431.228558
692.718370 994.487011 -643.485274 431.336000
693.267253 994.643280 -649.525650 431.445339
693.836395 994.365838 -655.411841 431.556014
694.420006 993.454977 -660.578239 431.641139
694.986876 991.644178 -665.644821 431.690088
695.538457 989.110437 -669.702860 431.718884
696.088596 986.054325 -672.939856 431.731171
696.648266 982.350598 -675.441126 431.793403
697.180646 978.264945 -677.129529 431.789820
697.762197 973.920382 -677.920279 431.746513
698.313671 968.991835 -678.036807 431.687806
698.864461 964.213810 -677.877469 431.631466
699.404600 959.150870 -677.658040 431.581542
699.963890 953.306823 -677.418667 431.516299
700.543596 947.058494 -677.248577 431.446806
701.085937 940.642633 -677.183233 431.370479
701.659149 934.259015 -677.168941 431.300000
702.193169 927.538809 -677.166715 431.222789
702.754279 920.681011 -677.167154 431.145629
703.303139 913.614537 -677.158877 431.038000
703.832871 906.178934 -677.171814 430.945566
704.372785 898.469091 -677.240914 430.859235
704.968590 890.392806 -677.344841 430.749892
705.489747 882.979779 -677.415642 430.664315
706.038949 875.410108 -677.457090 430.556642
706.599482 866.572976 -677.466611 430.439000
707.163190 857.865310 -677.454372 430.325240
707.730295 848.816151 -677.435312 430.220738
708.267210 840.109145 -677.415607 430.112534
708.827004 830.768235 -677.403520 429.984566
709.406288 821.491931 -677.413805 429.866753
709.987694 811.405620 -677.477827 429.754149
710.557581 802.535466 -677.641766 429.626284
711.126609 794.031946 -677.894178 429.522383
711.697104 784.817716 -678.189619 429.409000
712.245515 776.279990 -678.490948 429.306117
712.798798 767.700032 -678.779732 429.189590
713.378203 758.594503 -679.027046 429.068000
713.892945 750.453285 -679.251055 428.969192
714.446394 742.435308 -679.482569 428.862624
714.994390 734.718824 -679.729630 428.774310
715.552510 726.842136 -679.982033 428.673000
716.117532 719.186255 -680.243200 428.576000
716.656901 712.272906 -680.485114 428.488039
717.216219 705.978650 -680.704333 428.402217
717.755219 700.195977 -680.894228 428.319109
718.324141 693.587436 -681.078268 428.228727
718.902699 687.149258 -681.191356 428.147655
719.473696 680.587734 -681.273501 428.055659
720.022161 673.897902 -681.335618 427.978804
720.550261 667.209399 -681.349224 427.922165
721.120646 660.532254 -681.389797 427.874000
721.669608 654.003810 -681.427323 427.828439
722.235370 647.072442 -681.431887 427.789432
722.799730 640.409453 -681.391694 427.750000
723.358191 633.038455 -681.337160 427.695746
723.908396 625.653864 -681.228129 427.682870
724.452181 618.094107 -681.110939 427.636000
725.002418 611.272810 -680.983314 427.615000
725.555290 604.164448 -680.833985 427.572000
726.124535 597.042304 -680.650289 427.540032
726.633848 589.510709 -680.451034 427.491352
727.188668 581.738397 -680.256556 427.466659
727.736960 574.246833 -680.054875 427.461512
728.290304 566.201114 -679.840473 427.377424
728.841632 558.505803 -679.627724 427.346881
729.377106 550.854320 -679.434680 427.293768
729.926953 542.793155 -679.235832 427.230000
730.476099 534.826542 -679.062186 427.167879
731.029963 526.694962 -678.891841 427.110466
731.571213 518.164523 -678.739254 427.048425
732.144231 509.087969 -678.590275 426.964707
732.713976 500.356320 -678.483198 426.889709
733.262650 491.874414 -678.421650 426.827442
733.826298 482.618697 -678.424658 426.761835
734.355940 473.613565 -678.463143 426.664032
734.925605 464.665208 -678.551862 426.593767
735.485071 456.126481 -678.661223 426.537817
736.066773 446.840079 -678.776881 426.484761
736.626226 438.459920 -678.893035 426.428000
737.195998 429.703287 -679.014201 426.360755
737.747154 421.552854 -679.114965 426.322284
738.320033 412.170110 -679.216061 426.262048
738.899657 403.446810 -679.288020 426.173236
739.451614 393.995047 -679.340058 426.118000
740.002383 384.874631 -679.347536 426.070407
740.541115 376.403375 -679.351812 426.010570
741.099914 367.311719 -679.335051 425.954858
741.641585 358.348282 -679.297671 425.908813
742.192288 349.717719 -679.292950 425.869229
742.724830 341.138401 -679.337823 425.799387
743.283473 332.432024 -679.440341 425.741000
743.852299 323.439364 -679.592411 425.673601
744.382434 315.109208 -679.787927 425.629000
744.940992 306.259881 -680.031424 425.562000
745.490334 298.093579 -680.296731 425.504550
746.049417 290.196677 -680.559655 425.449057
746.599661 281.730967 -680.815235 425.403803
747.139869 273.722240 -681.017266 425.346522
747.695155 265.484173 -681.199589 425.294805
748.248579 257.446304 -681.392666 425.243482
748.831118 249.582649 -681.579061 425.187274
749.373836 242.014767 -681.790948 425.144115
749.905217 235.160506 -682.034467 425.095544
750.452292 229.111803 -682.291609 425.051824
751.002614 223.866838 -682.529380 425.022000
751.541157 218.612320 -682.746147 424.988594
752.083007 213.676291 -682.877118 424.949876
752.642899 209.299528 -682.929967 424.930000
753.207270 205.569673 -682.967397 424.907728
753.776592 202.272800 -682.986158 424.884000
754.305936 199.786728 -683.007743 424.865128
754.855830 197.580672 -683.031033 424.843306
755.394366 195.782308 -683.060941 424.823759
755.953734 194.403712 -683.085981 424.809927
756.501958 193.395981 -683.106580 424.802953
757.063015 192.797501 -683.117205 424.801789
757.627195 192.637791 -683.120201 424.800608
758.172726 192.650790 -683.119541 424.796886
758.742224 192.653792 -683.119511 424.795955
759.284003 192.655773 -683.119545 424.795000
759.852732 192.657335 -683.119641 424.793953
760.403630 192.658678 -683.119539 424.790391
760.956619 192.659671 -683.119697 424.791963
761.558156 192.660317 -683.119967 424.788966
762.088207 192.660693 -683.120284 424.790608
762.633424 192.660898 -683.120629 424.789878
763.189277 192.660888 -683.120844 424.788765
763.744582 192.660827 -683.120553 424.790000
764.306421 192.660938 -683.120034 424.790882
764.847436 192.661361 -683.119564 424.791000
765.398281 192.661428 -683.119487 424.790584
765.968817 192.661276 -683.119487 424.789878
766.537317 192.661150 -683.119046 424.791000
767.107635 192.660960 -683.118696 424.791882
767.686791 192.660704 -683.118441 424.791000
768.258070 192.660973 -683.117506 424.790965
768.798505 192.661387 -683.116695 424.790878
769.338765 192.661795 -683.116599 424.791963
769.899510 192.661751 -683.117242 424.791000
770.449172 192.661550 -683.117971 424.789290
770.997967 192.661651 -683.117741 424.791886
771.546888 192.661944 -683.117606 424.791870
772.116630 192.662003 -683.117817 424.790870
772.684872 192.661606 -683.118336 424.791000
773.243555 192.661150 -683.118508 424.792000
773.811475 192.661049 -683.117986 424.792965
774.380841 192.661250 -683.117297 424.792783
774.946533 192.661517 -683.116973 424.793382
775.515491 192.661394 -683.117491 424.793000
776.044228 192.661383 -683.117848 424.792961
776.602545 192.661461 -683.117885 424.793882
777.161948 192.661239 -683.118067 424.793000
777.720870 192.661106 -683.118330 424.787036
778.271279 192.661161 -683.118712 424.791953
778.836524 192.660916 -683.119008 424.792000
779.385271 192.660425 -683.119374 424.790890
779.946905 192.655485 -683.119426 424.788762
780.469337 192.551685 -683.120884 424.787957
781.049801 192.301900 -683.124894 424.788000
781.619197 191.861220 -683.130977 424.786000
782.179789 191.263279 -683.141029 424.785955
782.731573 190.282571 -683.153615 424.781839
783.292705 189.007047 -683.169186 424.774651
783.844811 187.464892 -683.183865 424.766831
784.404180 185.651689 -683.195456 424.753783
784.975264 183.576924 -683.204882 424.743763
785.564003 181.087557 -683.200772 424.732000
786.103985 178.512837 -683.191606 424.723000
786.671223 175.079879 -683.170898 424.711446
787.214333 171.879850 -683.134788 424.694000
787.766984 167.803895 -683.088164 424.668000
788.315170 163.913172 -683.019889 424.667821
788.888175 159.093579 -682.907809 424.653009
789.440535 154.131674 -682.804641 424.646272
789.983931 149.016936 -682.622152 424.594773
790.543464 143.253435 -682.324009 424.539000
791.103108 137.190436 -681.945872 424.505682
791.642460 131.428300 -681.619790 424.462000
792.207575 125.018026 -681.352441 424.408780
792.748849 118.672548 -681.180318 424.395818
793.331045 111.546736 -681.044972 424.358000
793.911807 104.105439 -680.957919 424.334856
794.470862 96.726798 -680.925969 424.301000
795.028536 88.919760 -680.945643 424.268446
795.569094 81.028264 -680.987379 424.238825
796.108507 73.250760 -681.023074 424.208420
796.662062 65.544915 -681.044109 424.182749
797.214536 57.500289 -681.049103 424.144000
797.754216 49.726358 -681.036174 424.103000
798.322642 41.340648 -681.018063 424.060000
798.861760 33.094245 -681.009540 424.023000
799.423284 24.679131 -681.025281 423.971833
799.953932 16.749442 -681.072562 423.919370
800.517250 8.234188 -681.149937 423.873911
801.045952 0.251980 -681.226911 423.829000
801.606039 -8.180199 -681.273556 423.772089
802.167172 -16.517988 -681.283705 423.727469
802.729125 -24.824018 -681.275981 423.683414
803.304022 -32.680253 -681.265438 423.635832
803.875906 -40.865919 -681.263850 423.591594
804.430583 -48.525329 -681.252722 423.541504
804.980574 -56.329078 -681.263957 423.503920
805.515082 -63.358913 -681.267719 423.462000
806.084717 -70.684913 -681.281788 423.428779
806.659574 -77.849197 -681.304653 423.397823
807.206235 -86.141627 -681.348617 423.356097
807.765481 -93.105653 -681.372328 423.303934
808.326790 -100.170996 -681.408222 423.263687
808.856014 -107.345779 -681.460576 423.228230
809.428927 -114.921107 -681.529701 423.190066
809.979558 -122.652741 -681.608966 423.147451
810.527746 -129.784922 -681.683622 423.107337
811.096939 -137.134900 -681.779230 423.070648
811.646054 -143.729701 -681.857290 423.028000
812.228179 -150.530891 -681.897720 422.986818
812.788147 -156.679122 -681.919451 422.965674
813.357653 -162.614918 -681.903284 422.924831
813.906269 -168.025603 -681.924174 422.873898
814.434645 -173.271586 -682.021346 422.869893
814.987643 -178.188357 -682.443014 422.820000
815.566184 -183.002123 -683.389442 422.741430
816.125963 -187.723876 -685.102229 422.686876
816.646054 -191.697211 -687.141451 422.640885
817.196166 -195.612383 -689.816348 422.606768
817.740843 -199.424870 -693.210897 422.582826
818.275025 -202.453891 -696.661667 422.567059
818.825202 -205.102175 -700.706998 422.573606
819.386414 -207.420691 -705.601948 422.587042
819.941005 -208.866296 -710.646163 422.638981
820.500178 -209.553658 -715.176515 422.684077
821.055381 -209.730176 -720.417150 422.726095
821.595647 -209.696459 -725.687000 422.768000
822.164114 -209.738350 -731.622798 422.804000
822.713048 -210.307022 -737.228048 422.764656
823.315121 -210.906276 -743.623443 422.833381
823.858813 -211.304409 -749.383096 422.891193
824.388585 -211.203123 -755.050566 422.877937
824.921681 -210.900924 -760.644830 422.963000
825.458099 -210.619312 -766.524125 422.977090
825.997345 -210.444031 -772.832984 423.023000
826.545799 -210.447503 -778.745829 423.040757
827.098739 -210.530754 -784.913950 423.055029
827.652548 -210.564301 -791.242076 423.106028
828.185799 -210.378224 -797.504942 423.130331
828.738114 -210.049272 -804.060535 423.165000
829.307680 -209.703139 -810.334275 423.220973
829.878464 -209.342021 -816.709613 423.245079
830.464867 -209.095444 -822.275163 423.263248
